50
c0 c1 c2 c3 c4 c5 c6 c7 c8 c9 c10 c11 c12 c13 c14 c15 c16 c17 c18 c19 c20 c21 c22 c23 c24 c25 c26 c27 c28 c29 c30 c31 c32 c33 c34 c35 c36 c37 c38 c39 c40 c41 c42 c43 c44 c45 c46 c47 c48 c49
c0
42000 375 229 288 294 250 247 370 325 262 325 176 203 383 341 257 169 209 356 367 312 229 184 371 190 210 372 257 389 341 324 287 376 216 366 409 295 162 282 185 316 364 262 303 196 316 382 391 219 387
375 40000 286 345 351 307 304 427 382 319 382 233 260 440 398 314 226 266 413 424 369 286 241 428 247 267 429 314 446 398 381 344 433 273 423 466 352 219 339 242 373 421 319 360 253 373 439 448 276 444
229 286 69000 199 205 161 158 281 236 173 236 87 114 294 252 168 80 120 267 278 223 140 95 282 101 121 283 168 300 252 235 198 287 127 277 320 206 73 193 96 227 275 173 214 107 227 293 302 130 298
288 345 199 22000 264 220 217 340 295 232 295 146 173 353 311 227 139 179 326 337 282 199 154 341 160 180 342 227 359 311 294 257 346 186 336 379 265 132 252 155 286 334 232 273 166 286 352 361 189 357
294 351 205 264 45000 226 223 346 301 238 301 152 179 359 317 233 145 185 332 343 288 205 160 347 166 186 348 233 365 317 300 263 352 192 342 385 271 138 258 161 292 340 238 279 172 292 358 367 195 363
250 307 161 220 226 37000 179 302 257 194 257 108 135 315 273 189 101 141 288 299 244 161 116 303 122 142 304 189 321 273 256 219 308 148 298 341 227 94 214 117 248 296 194 235 128 248 314 323 151 319
247 304 158 217 223 179 35000 299 254 191 254 105 132 312 270 186 98 138 285 296 241 158 113 300 119 139 301 186 318 270 253 216 305 145 295 338 224 91 211 114 245 293 191 232 125 245 311 320 148 316
370 427 281 340 346 302 299 38000 377 314 377 228 255 435 393 309 221 261 408 419 364 281 236 423 242 262 424 309 441 393 376 339 428 268 418 461 347 214 334 237 368 416 314 355 248 368 434 443 271 439
325 382 236 295 301 257 254 377 46000 269 332 183 210 390 348 264 176 216 363 374 319 236 191 378 197 217 379 264 396 348 331 294 383 223 373 416 302 169 289 192 323 371 269 310 203 323 389 398 226 394
262 319 173 232 238 194 191 314 269 71000 269 120 147 327 285 201 113 153 300 311 256 173 128 315 134 154 316 201 333 285 268 231 320 160 310 353 239 106 226 129 260 308 206 247 140 260 326 335 163 331
325 382 236 295 301 257 254 377 332 269 81 183 210 390 348 264 176 216 363 374 319 236 191 378 197 217 379 264 396 348 331 294 383 223 373 416 302 169 289 192 323 371 269 310 203 323 389 398 226 394
176 233 87 146 152 108 105 228 183 120 183 68 61 241 199 115 27 67 214 225 170 87 42 229 48 68 230 115 247 199 182 145 234 74 224 267 153 20 140 43 174 222 120 161 54 174 240 249 77 245
203 260 114 173 179 135 132 255 210 147 210 61 67 268 226 142 54 94 241 252 197 114 69 256 75 95 257 142 274 226 209 172 261 101 251 294 180 47 167 70 201 249 147 188 81 201 267 276 104 272
383 440 294 353 359 315 312 435 390 327 390 241 268 41 406 322 234 274 421 432 377 294 249 436 255 275 437 322 454 406 389 352 441 281 431 474 360 227 347 250 381 429 327 368 261 381 447 456 284 452
341 398 252 311 317 273 270 393 348 285 348 199 226 406 5 280 192 232 379 390 335 252 207 394 213 233 395 280 412 364 347 310 399 239 389 432 318 185 305 208 339 387 285 326 219 339 405 414 242 410
257 314 168 227 233 189 186 309 264 201 264 115 142 322 280 39 108 148 295 306 251 168 123 310 129 149 311 196 328 280 263 226 315 155 305 348 234 101 221 124 255 303 201 242 135 255 321 330 158 326
169 226 80 139 145 101 98 221 176 113 176 27 54 234 192 108 83 60 207 218 163 80 35 222 41 61 223 108 240 192 175 138 227 67 217 260 146 13 133 36 167 215 113 154 47 167 233 242 70 238
209 266 120 179 185 141 138 261 216 153 216 67 94 274 232 148 60 17 247 258 203 120 75 262 81 101 263 148 280 232 215 178 267 107 257 300 186 53 173 76 207 255 153 194 87 207 273 282 110 278
356 413 267 326 332 288 285 408 363 300 363 214 241 421 379 295 207 247 50 405 350 267 222 409 228 248 410 295 427 379 362 325 414 254 404 447 333 200 320 223 354 402 300 341 234 354 420 429 257 425
367 424 278 337 343 299 296 419 374 311 374 225 252 432 390 306 218 258 405 9 361 278 233 420 239 259 421 306 438 390 373 336 425 265 415 458 344 211 331 234 365 413 311 352 245 365 431 440 268 436
312 369 223 282 288 244 241 364 319 256 319 170 197 377 335 251 163 203 350 361 69 223 178 365 184 204 366 251 383 335 318 281 370 210 360 403 289 156 276 179 310 358 256 297 190 310 376 385 213 381
229 286 140 199 205 161 158 281 236 173 236 87 114 294 252 168 80 120 267 278 223 97 95 282 101 121 283 168 300 252 235 198 287 127 277 320 206 73 193 96 227 275 173 214 107 227 293 302 130 298
184 241 95 154 160 116 113 236 191 128 191 42 69 249 207 123 35 75 222 233 178 95 71 237 56 76 238 123 255 207 190 153 242 82 232 275 161 28 148 51 182 230 128 169 62 182 248 257 85 253
371 428 282 341 347 303 300 423 378 315 378 229 256 436 394 310 222 262 409 420 365 282 237 40 243 263 425 310 442 394 377 340 429 269 419 462 348 215 335 238 369 417 315 356 249 369 435 444 272 440
190 247 101 160 166 122 119 242 197 134 197 48 75 255 213 129 41 81 228 239 184 101 56 243 55 82 244 129 261 213 196 159 248 88 238 281 167 34 154 57 188 236 134 175 68 188 254 263 91 259
210 267 121 180 186 142 139 262 217 154 217 68 95 275 233 149 61 101 248 259 204 121 76 263 82 91 264 149 281 233 216 179 268 108 258 301 187 54 174 77 208 256 154 195 88 208 274 283 111 279
372 429 283 342 348 304 301 424 379 316 379 230 257 437 395 311 223 263 410 421 366 283 238 425 244 264 46 311 443 395 378 341 430 270 420 463 349 216 336 239 370 418 316 357 250 370 436 445 273 441
257 314 168 227 233 189 186 309 264 201 264 115 142 322 280 196 108 148 295 306 251 168 123 310 129 149 311 96 328 280 263 226 315 155 305 348 234 101 221 124 255 303 201 242 135 255 321 330 158 326
389 446 300 359 365 321 318 441 396 333 396 247 274 454 412 328 240 280 427 438 383 300 255 442 261 281 443 328 45 412 395 358 447 287 437 480 366 233 353 256 387 435 333 374 267 387 453 462 290 458
341 398 252 311 317 273 270 393 348 285 348 199 226 406 364 280 192 232 379 390 335 252 207 394 213 233 395 280 412 25 347 310 399 239 389 432 318 185 305 208 339 387 285 326 219 339 405 414 242 410
324 381 235 294 300 256 253 376 331 268 331 182 209 389 347 263 175 215 362 373 318 235 190 377 196 216 378 263 395 347 4 293 382 222 372 415 301 168 288 191 322 370 268 309 202 322 388 397 225 393
287 344 198 257 263 219 216 339 294 231 294 145 172 352 310 226 138 178 325 336 281 198 153 340 159 179 341 226 358 310 293 9 345 185 335 378 264 131 251 154 285 333 231 272 165 285 351 360 188 356
376 433 287 346 352 308 305 428 383 320 383 234 261 441 399 315 227 267 414 425 370 287 242 429 248 268 430 315 447 399 382 345 89 274 424 467 353 220 340 243 374 422 320 361 254 374 440 449 277 445
216 273 127 186 192 148 145 268 223 160 223 74 101 281 239 155 67 107 254 265 210 127 82 269 88 108 270 155 287 239 222 185 274 57 264 307 193 60 180 83 214 262 160 201 94 214 280 289 117 285
366 423 277 336 342 298 295 418 373 310 373 224 251 431 389 305 217 257 404 415 360 277 232 419 238 258 420 305 437 389 372 335 424 264 34 457 343 210 330 233 364 412 310 351 244 364 430 439 267 435
409 466 320 379 385 341 338 461 416 353 416 267 294 474 432 348 260 300 447 458 403 320 275 462 281 301 463 348 480 432 415 378 467 307 457 68 386 253 373 276 407 455 353 394 287 407 473 482 310 478
295 352 206 265 271 227 224 347 302 239 302 153 180 360 318 234 146 186 333 344 289 206 161 348 167 187 349 234 366 318 301 264 353 193 343 386 16 139 259 162 293 341 239 280 173 293 359 368 196 364
162 219 73 132 138 94 91 214 169 106 169 20 47 227 185 101 13 53 200 211 156 73 28 215 34 54 216 101 233 185 168 131 220 60 210 253 139 1 126 29 160 208 106 147 40 160 226 235 63 231
282 339 193 252 258 214 211 334 289 226 289 140 167 347 305 221 133 173 320 331 276 193 148 335 154 174 336 221 353 305 288 251 340 180 330 373 259 126 70 149 280 328 226 267 160 280 346 355 183 351
185 242 96 155 161 117 114 237 192 129 192 43 70 250 208 124 36 76 223 234 179 96 51 238 57 77 239 124 256 208 191 154 243 83 233 276 162 29 149 58 183 231 129 170 63 183 249 258 86 254
316 373 227 286 292 248 245 368 323 260 323 174 201 381 339 255 167 207 354 365 310 227 182 369 188 208 370 255 387 339 322 285 374 214 364 407 293 160 280 183 28 362 260 301 194 314 380 389 217 385
364 421 275 334 340 296 293 416 371 308 371 222 249 429 387 303 215 255 402 413 358 275 230 417 236 256 418 303 435 387 370 333 422 262 412 455 341 208 328 231 362 61 308 349 242 362 428 437 265 433
262 319 173 232 238 194 191 314 269 206 269 120 147 327 285 201 113 153 300 311 256 173 128 315 134 154 316 201 333 285 268 231 320 160 310 353 239 106 226 129 260 308 85 247 140 260 326 335 163 331
303 360 214 273 279 235 232 355 310 247 310 161 188 368 326 242 154 194 341 352 297 214 169 356 175 195 357 242 374 326 309 272 361 201 351 394 280 147 267 170 301 349 247 2 181 301 367 376 204 372
196 253 107 166 172 128 125 248 203 140 203 54 81 261 219 135 47 87 234 245 190 107 62 249 68 88 250 135 267 219 202 165 254 94 244 287 173 40 160 63 194 242 140 181 43 194 260 269 97 265
316 373 227 286 292 248 245 368 323 260 323 174 201 381 339 255 167 207 354 365 310 227 182 369 188 208 370 255 387 339 322 285 374 214 364 407 293 160 280 183 314 362 260 301 194 67 380 389 217 385
382 439 293 352 358 314 311 434 389 326 389 240 267 447 405 321 233 273 420 431 376 293 248 435 254 274 436 321 453 405 388 351 440 280 430 473 359 226 346 249 380 428 326 367 260 380 52 455 283 451
391 448 302 361 367 323 320 443 398 335 398 249 276 456 414 330 242 282 429 440 385 302 257 444 263 283 445 330 462 414 397 360 449 289 439 482 368 235 355 258 389 437 335 376 269 389 455 26 292 460
219 276 130 189 195 151 148 271 226 163 226 77 104 284 242 158 70 110 257 268 213 130 85 272 91 111 273 158 290 242 225 188 277 117 267 310 196 63 183 86 217 265 163 204 97 217 283 292 52 288
387 444 298 357 363 319 316 439 394 331 394 245 272 452 410 326 238 278 425 436 381 298 253 440 259 279 441 326 458 410 393 356 445 285 435 478 364 231 351 254 385 433 331 372 265 385 451 460 288 27
