96
0 1 2 3 4 5 6 7 8 9 10 11 12 13 14 15 16 17 18 19 20 21 22 23 24 25 26 27 28 29 30 31 32 33 34 35 36 37 38 39 40 41 42 43 44 45 46 47 48 49 50 51 52 53 54 55 56 57 58 59 60 61 62 63 64 65 66 67 68 69 70 71 72 73 74 75 76 77 78 79 80 81 82 83 84 85 86 87 88 89 90 91 92 93 94 95
0
1 1495.00001 381.00001 2012.00001 1157.00001 990.00001 764.00001 178.00001 147.00001 1788.00001 542.00001 508.00001 749.00001 696.00001 408.00001 318.00001 1213.00001 714.00001 1082.00001 717.00001 935.00001 228.00001 538.00001 1670.00001 816.00001 1922.00001 1096.00001 840.00001 1147.00001 986.00001 498.00001 1250.00001 553.00001 678.00001 2136.00001 754.00001 1046.00001 326.00001 1117.00001 261.00001 692.00001 1525.00001 1104.00001 616.00001 2162.00001 488.00001 753.00001 1184.00001 3.20502 x x x x x x x x x x x x x x x x x x x x x x x x x x x x x x x x x x x x x x x x x x x x x x x
1495.00001 1 1135.00001 637.00001 583.00001 2207.00001 2056.00001 1641.00001 1590.00001 736.00001 1312.00001 1494.00001 1150.00001 988.00001 1552.00001 1243.00001 2360.00001 2004.00001 2291.00001 1615.00001 1279.00001 1272.00001 1163.00001 906.00001 983.00001 585.00001 2269.00001 2097.00001 381.00001 2155.00001 1898.00001 1091.00001 1661.00001 840.00001 988.00001 1984.00001 2272.00001 1778.00001 976.00001 1443.00001 872.00001 504.00001 2223.00001 1957.00001 1098.00001 1727.00001 1388.00001 661.00001 x 1.57467 x x x x x x x x x x x x x x x x x x x x x x x x x x x x x x x x x x x x x x x x x x x x x x
381.00001 1135.00001 1 1633.00001 778.00001 1163.00001 971.00001 551.00001 457.00001 1412.00001 375.00001 481.00001 474.00001 349.00001 475.00001 301.00001 1359.00001 918.00001 1255.00001 686.00001 699.00001 207.00001 262.00001 1308.00001 480.00001 1541.00001 1251.00001 1029.00001 774.00001 1133.00001 772.00001 936.00001 622.00001 301.00001 1760.00001 922.00001 1227.00001 644.00001 785.00001 325.00001 442.00001 1144.00001 1231.00001 850.00001 1790.00001 640.00001 591.00001 810.00001 x x 1.32330 x x x x x x x x x x x x x x x x x x x x x x x x x x x x x x x x x x x x x x x x x x x x x
2012.00001 637.00001 1633.00001 1 886.00001 2550.00001 2444.00001 2175.00001 2081.00001 444.00001 1697.00001 1881.00001 1480.00001 1385.00001 1969.00001 1806.00001 2662.00001 2397.00001 2624.00001 1941.00001 1519.00001 1805.00001 1576.00001 735.00001 1321.00001 102.00001 2589.00001 2467.00001 879.00001 2485.00001 2343.00001 1190.00001 2044.00001 1336.00001 451.00001 2357.00001 2613.00001 2255.00001 1161.00001 1901.00001 1467.00001 532.00001 2526.00001 2373.00001 594.00001 2138.00001 1695.00001 900.00001 x x x 3.18509 x x x x x x x x x x x x x x x x x x x x x x x x x x x x x x x x x x x x x x x x x x x x
1157.00001 583.00001 778.00001 886.00001 1 1686.00001 1565.00001 1329.00001 1210.00001 636.00001 814.00001 999.00001 609.00001 500.00001 1084.00001 1006.00001 1818.00001 1516.00001 1764.00001 1078.00001 703.00001 970.00001 691.00001 588.00001 443.00001 788.00001 1735.00001 1592.00001 283.00001 1626.00001 1458.00001 528.00001 1163.00001 503.00001 985.00001 1481.00001 1750.00001 1377.00001 396.00001 1021.00001 768.00001 370.00001 1680.00001 1489.00001 1025.00001 1253.00001 839.00001 97.00001 x x x x 3.02885 x x x x x x x x x x x x x x x x x x x x x x x x x x x x x x x x x x x x x x x x x x x
990.00001 2207.00001 1163.00001 2550.00001 1686.00001 1 235.00001 1015.00001 845.00001 2191.00001 895.00001 717.00001 1078.00001 1219.00001 689.00001 1289.00001 230.00001 279.00001 93.00001 611.00001 1047.00001 1162.00001 1049.00001 1961.00001 1244.00001 2450.00001 116.00001 153.00001 1826.00001 83.00001 525.00001 1428.00001 553.00001 1401.00001 2502.00001 244.00001 66.00001 704.00001 1403.00001 848.00001 1598.00001 2019.00001 174.00001 387.00001 2468.00001 528.00001 856.00001 1654.00001 x x x x x 4.56628 x x x x x x x x x x x x x x x x x x x x x x x x x x x x x x x x x x x x x x x x x x
764.00001 2056.00001 971.00001 2444.00001 1565.00001 235.00001 1 781.00001 618.00001 2111.00001 753.00001 568.00001 965.00001 1077.00001 507.00001 1070.00001 465.00001 54.00001 323.00001 532.00001 984.00001 947.00001 894.00001 1901.00001 1123.00001 2344.00001 349.00001 85.00001 1676.00001 260.00001 290.00001 1375.00001 402.00001 1231.00001 2435.00001 105.00001 285.00001 469.00001 1324.00001 648.00001 1396.00001 1914.00001 386.00001 153.00001 2415.00001 334.00001 769.00001 1545.00001 x x x x x x 4.15387 x x x x x x x x x x x x x x x x x x x x x x x x x x x x x x x x x x x x x x x x x
178.00001 1641.00001 551.00001 2175.00001 1329.00001 1015.00001 781.00001 1 228.00001 1962.00001 709.00001 649.00001 924.00001 874.00001 534.00001 413.00001 1244.00001 737.00001 1103.00001 844.00001 1103.00001 372.00001 715.00001 1847.00001 994.00001 2086.00001 1127.00001 863.00001 1303.00001 1025.00001 493.00001 1426.00001 659.00001 841.00001 2310.00001 795.00001 1064.00001 312.00001 1294.00001 418.00001 805.00001 1695.00001 1149.00001 629.00001 2338.00001 565.00001 911.00001 1359.00001 x x x x x x x 1.61624 x x x x x x x x x x x x x x x x x x x x x x x x x x x x x x x x x x x x x x x x
147.00001 1590.00001 457.00001 2081.00001 1210.00001 845.00001 618.00001 228.00001 1 1831.00001 507.00001 425.00001 737.00001 725.00001 307.00001 459.00001 1068.00001 568.00001 936.00001 617.00001 897.00001 352.00001 546.00001 1691.00001 831.00001 1988.00001 951.00001 694.00001 1230.00001 842.00001 355.00001 1240.00001 434.00001 757.00001 2177.00001 610.00001 900.00001 194.00001 1121.00001 214.00001 819.00001 1579.00001 961.00001 470.00001 2193.00001 352.00001 695.00001 1226.00001 x x x x x x x x 2.46821 x x x x x x x x x x x x x x x x x x x x x x x x x x x x x x x x x x x x x x x
1788.00001 736.00001 1412.00001 444.00001 636.00001 2191.00001 2111.00001 1962.00001 1831.00001 1 1389.00001 1565.00001 1154.00001 1107.00001 1668.00001 1639.00001 2282.00001 2067.00001 2258.00001 1588.00001 1145.00001 1606.00001 1294.00001 292.00001 1015.00001 358.00001 2218.00001 2123.00001 771.00001 2121.00001 2049.00001 783.00001 1718.00001 1138.00001 349.00001 2017.00001 2252.00001 1987.00001 790.00001 1632.00001 1366.00001 297.00001 2149.00001 2058.00001 401.00001 1826.00001 1344.00001 606.00001 x x x x x x x x x 1.01217 x x x x x x x x x x x x x x x x x x x x x x x x x x x x x x x x x x x x x x
542.00001 1312.00001 375.00001 1697.00001 814.00001 895.00001 753.00001 709.00001 507.00001 1389.00001 1 186.00001 242.00001 326.00001 280.00001 646.00001 1061.00001 704.00001 981.00001 332.00001 395.00001 514.00001 159.00001 1215.00001 378.00001 1598.00001 962.00001 787.00001 932.00001 847.00001 660.00001 737.00001 353.00001 522.00001 1727.00001 675.00001 961.00001 620.00001 632.00001 295.00001 795.00001 1171.00001 925.00001 676.00001 1727.00001 441.00001 225.00001 802.00001 x x x x x x x x x x 0.70924 x x x x x x x x x x x x x x x x x x x x x x x x x x x x x x x x x x x x x
508.00001 1494.00001 481.00001 1881.00001 999.00001 717.00001 568.00001 649.00001 425.00001 1565.00001 186.00001 1 411.00001 510.00001 129.00001 698.00001 893.00001 519.00001 804.00001 220.00001 502.00001 559.00001 332.00001 1378.00001 560.00001 1782.00001 790.00001 604.00001 1114.00001 673.00001 493.00001 879.00001 168.00001 687.00001 1899.00001 491.00001 782.00001 487.00001 793.00001 250.00001 921.00001 1353.00001 760.00001 495.00001 1892.00001 262.00001 282.00001 984.00001 x x x x x x x x x x x 1.16895 x x x x x x x x x x x x x x x x x x x x x x x x x x x x x x x x x x x x
749.00001 1150.00001 474.00001 1480.00001 609.00001 1078.00001 965.00001 924.00001 737.00001 1154.00001 242.00001 411.00001 1 205.00001 519.00001 774.00001 1215.00001 919.00001 1156.00001 471.00001 231.00001 663.00001 221.00001 973.00001 169.00001 1380.00001 1128.00001 988.00001 776.00001 1018.00001 899.00001 504.00001 567.00001 468.00001 1488.00001 877.00001 1142.00001 861.00001 390.00001 524.00001 807.00001 949.00001 1076.00001 905.00001 1486.00001 673.00001 239.00001 581.00001 x x x x x x x x x x x x 4.57500 x x x x x x x x x x x x x x x x x x x x x x x x x x x x x x x x x x x
696.00001 988.00001 349.00001 1385.00001 500.00001 1219.00001 1077.00001 874.00001 725.00001 1107.00001 326.00001 510.00001 205.00001 1 586.00001 641.00001 1376.00001 1027.00001 1303.00001 632.00001 424.00001 555.00001 192.00001 974.00001 133.00001 1287.00001 1282.00001 1113.00001 608.00001 1167.00001 959.00001 591.00001 678.00001 265.00001 1453.00001 1000.00001 1284.00001 882.00001 437.00001 526.00001 611.00001 866.00001 1238.00001 993.00001 1470.00001 758.00001 428.00001 504.00001 x x x x x x x x x x x x x 4.68719 x x x x x x x x x x x x x x x x x x x x x x x x x x x x x x x x x x
408.00001 1552.00001 475.00001 1969.00001 1084.00001 689.00001 507.00001 534.00001 307.00001 1668.00001 280.00001 129.00001 519.00001 586.00001 1 642.00001 887.00001 455.00001 780.00001 312.00001 629.00001 504.00001 397.00001 1492.00001 656.00001 1871.00001 776.00001 558.00001 1174.00001 659.00001 381.00001 1001.00001 157.00001 724.00001 2006.00001 449.00001 753.00001 359.00001 907.00001 175.00001 913.00001 1445.00001 761.00001 408.00001 2004.00001 176.00001 410.00001 1077.00001 x x x x x x x x x x x x x x 0.42628 x x x x x x x x x x x x x x x x x x x x x x x x x x x x x x x x x
318.00001 1243.00001 301.00001 1806.00001 1006.00001 1289.00001 1070.00001 413.00001 459.00001 1639.00001 646.00001 698.00001 774.00001 641.00001 642.00001 1 1505.00001 1019.00001 1382.00001 917.00001 997.00001 140.00001 558.00001 1569.00001 773.00001 1722.00001 1390.00001 1142.00001 927.00001 1276.00001 814.00001 1231.00001 799.00001 503.00001 1986.00001 1048.00001 1348.00001 643.00001 1075.00001 467.00001 393.00001 1356.00001 1389.00001 926.00001 2030.00001 768.00001 870.00001 1056.00001 x x x x x x x x x x x x x x x 0.23982 x x x x x x x x x x x x x x x x x x x x x x x x x x x x x x x x
1213.00001 2360.00001 1359.00001 2662.00001 1818.00001 230.00001 465.00001 1244.00001 1068.00001 2282.00001 1061.00001 893.00001 1215.00001 1376.00001 887.00001 1505.00001 1 507.00001 151.00001 746.00001 1144.00001 1374.00001 1218.00001 2035.00001 1383.00001 2561.00001 117.00001 382.00001 1982.00001 230.00001 754.00001 1504.00001 739.00001 1579.00001 2577.00001 459.00001 193.00001 933.00001 1503.00001 1054.00001 1799.00001 2134.00001 139.00001 616.00001 2532.00001 739.00001 980.00001 1777.00001 x x x x x x x x x x x x x x x x 1.55285 x x x x x x x x x x x x x x x x x x x x x x x x x x x x x x x
714.00001 2004.00001 918.00001 2397.00001 1516.00001 279.00001 54.00001 737.00001 568.00001 2067.00001 704.00001 519.00001 919.00001 1027.00001 455.00001 1019.00001 507.00001 1 369.00001 495.00001 945.00001 895.00001 843.00001 1860.00001 1076.00001 2297.00001 390.00001 127.00001 1625.00001 292.00001 251.00001 1337.00001 354.00001 1178.00001 2393.00001 91.00001 332.00001 427.00001 1281.00001 595.00001 1344.00001 1867.00001 418.00001 112.00001 2375.00001 281.00001 728.00001 1498.00001 x x x x x x x x x x x x x x x x x 1.72487 x x x x x x x x x x x x x x x x x x x x x x x x x x x x x x
1082.00001 2291.00001 1255.00001 2624.00001 1764.00001 93.00001 323.00001 1103.00001 936.00001 2258.00001 981.00001 804.00001 1156.00001 1303.00001 780.00001 1382.00001 151.00001 369.00001 1 687.00001 1114.00001 1254.00001 1135.00001 2022.00001 1323.00001 2523.00001 64.00001 243.00001 1911.00001 139.00001 611.00001 1489.00001 641.00001 1490.00001 2564.00001 336.00001 42.00001 792.00001 1471.00001 940.00001 1690.00001 2093.00001 154.00001 475.00001 2527.00001 621.00001 930.00001 1730.00001 x x x x x x x x x x x x x x x x x x 0.32179 x x x x x x x x x x x x x x x x x x x x x x x x x x x x x
717.00001 1615.00001 686.00001 1941.00001 1078.00001 611.00001 532.00001 844.00001 617.00001 1588.00001 332.00001 220.00001 471.00001 632.00001 312.00001 917.00001 746.00001 495.00001 687.00001 1 453.00001 778.00001 490.00001 1371.00001 639.00001 1840.00001 658.00001 536.00001 1237.00001 548.00001 574.00001 844.00001 207.00001 852.00001 1907.00001 432.00001 674.00001 630.00001 799.00001 466.00001 1120.00001 1409.00001 608.00001 519.00001 1884.00001 339.00001 246.00001 1044.00001 x x x x x x x x x x x x x x x x x x x 2.60782 x x x x x x x x x x x x x x x x x x x x x x x x x x x x
935.00001 1279.00001 699.00001 1519.00001 703.00001 1047.00001 984.00001 1103.00001 897.00001 1145.00001 395.00001 502.00001 231.00001 424.00001 629.00001 997.00001 1144.00001 945.00001 1114.00001 453.00001 1 879.00001 439.00001 919.00001 336.00001 1418.00001 1075.00001 987.00001 924.00001 976.00001 985.00001 393.00001 618.00001 688.00001 1457.00001 884.00001 1108.00001 987.00001 360.00001 688.00001 1034.00001 992.00001 1009.00001 958.00001 1432.00001 745.00001 225.00001 646.00001 x x x x x x x x x x x x x x x x x x x x 0.88222 x x x x x x x x x x x x x x x x x x x x x x x x x x x
228.00001 1272.00001 207.00001 1805.00001 970.00001 1162.00001 947.00001 372.00001 352.00001 1606.00001 514.00001 559.00001 663.00001 555.00001 504.00001 140.00001 1374.00001 895.00001 1254.00001 778.00001 879.00001 1 444.00001 1512.00001 685.00001 1717.00001 1260.00001 1016.00001 932.00001 1145.00001 704.00001 1140.00001 661.00001 473.00001 1954.00001 919.00001 1221.00001 544.00001 991.00001 329.00001 468.00001 1332.00001 1255.00001 808.00001 1989.00001 636.00001 739.00001 1009.00001 x x x x x x x x x x x x x x x x x x x x x 3.94274 x x x x x x x x x x x x x x x x x x x x x x x x x x
538.00001 1163.00001 262.00001 1576.00001 691.00001 1049.00001 894.00001 715.00001 546.00001 1294.00001 159.00001 332.00001 221.00001 192.00001 397.00001 558.00001 1218.00001 843.00001 1135.00001 490.00001 439.00001 444.00001 1 1145.00001 286.00001 1479.00001 1119.00001 934.00001 783.00001 1002.00001 768.00001 713.00001 499.00001 363.00001 1637.00001 822.00001 1114.00001 694.00001 580.00001 340.00001 650.00001 1057.00001 1083.00001 804.00001 1649.00001 570.00001 341.00001 693.00001 x x x x x x x x x x x x x x x x x x x x x x 0.82686 x x x x x x x x x x x x x x x x x x x x x x x x x
1670.00001 906.00001 1308.00001 735.00001 588.00001 1961.00001 1901.00001 1847.00001 1691.00001 292.00001 1215.00001 1378.00001 973.00001 974.00001 1492.00001 1569.00001 2035.00001 1860.00001 2022.00001 1371.00001 919.00001 1512.00001 1145.00001 1 860.00001 646.00001 1978.00001 1905.00001 813.00001 1887.00001 1870.00001 534.00001 1521.00001 1070.00001 543.00001 1802.00001 2019.00001 1830.00001 586.00001 1483.00001 1355.00001 403.00001 1905.00001 1864.00001 515.00001 1638.00001 1133.00001 519.00001 x x x x x x x x x x x x x x x x x x x x x x x 0.99411 x x x x x x x x x x x x x x x x x x x x x x x x
816.00001 983.00001 480.00001 1321.00001 443.00001 1244.00001 1123.00001 994.00001 831.00001 1015.00001 378.00001 560.00001 169.00001 133.00001 656.00001 773.00001 1383.00001 1076.00001 1323.00001 639.00001 336.00001 685.00001 286.00001 860.00001 1 1222.00001 1296.00001 1150.00001 611.00001 1185.00001 1036.00001 458.00001 723.00001 368.00001 1356.00001 1038.00001 1308.00001 976.00001 306.00001 624.00001 723.00001 793.00001 1245.00001 1054.00001 1364.00001 819.00001 406.00001 424.00001 x x x x x x x x x x x x x x x x x x x x x x x x 1.17922 x x x x x x x x x x x x x x x x x x x x x x x
1922.00001 585.00001 1541.00001 102.00001 788.00001 2450.00001 2344.00001 2086.00001 1988.00001 358.00001 1598.00001 1782.00001 1380.00001 1287.00001 1871.00001 1722.00001 2561.00001 2297.00001 2523.00001 1840.00001 1418.00001 1717.00001 1479.00001 646.00001 1222.00001 1 2488.00001 2367.00001 796.00001 2384.00001 2246.00001 1091.00001 1944.00001 1246.00001 435.00001 2256.00001 2513.00001 2160.00001 1059.00001 1806.00001 1391.00001 431.00001 2425.00001 2274.00001 569.00001 2039.00001 1595.00001 800.00001 x x x x x x x x x x x x x x x x x x x x x x x x x 2.16677 x x x x x x x x x x x x x x x x x x x x x x
1096.00001 2269.00001 1251.00001 2589.00001 1735.00001 116.00001 349.00001 1127.00001 951.00001 2218.00001 962.00001 790.00001 1128.00001 1282.00001 776.00001 1390.00001 117.00001 390.00001 64.00001 658.00001 1075.00001 1260.00001 1119.00001 1978.00001 1296.00001 2488.00001 1 266.00001 1889.00001 118.00001 639.00001 1445.00001 632.00001 1477.00001 2521.00001 343.00001 97.00001 816.00001 1433.00001 941.00001 1689.00001 2059.00001 91.00001 500.00001 2481.00001 625.00001 898.00001 1698.00001 x x x x x x x x x x x x x x x x x x x x x x x x x x 1.35578 x x x x x x x x x x x x x x x x x x x x x
840.00001 2097.00001 1029.00001 2467.00001 1592.00001 153.00001 85.00001 863.00001 694.00001 2123.00001 787.00001 604.00001 988.00001 1113.00001 558.00001 1142.00001 382.00001 127.00001 243.00001 536.00001 987.00001 1016.00001 934.00001 1905.00001 1150.00001 2367.00001 266.00001 1 1716.00001 177.00001 374.00001 1376.00001 436.00001 1279.00001 2443.00001 113.00001 207.00001 552.00001 1334.00001 709.00001 1459.00001 1936.00001 302.00001 235.00001 2418.00001 390.00001 780.00001 1568.00001 x x x x x x x x x x x x x x x x x x x x x x x x x x x 4.73194 x x x x x x x x x x x x x x x x x x x x
1147.00001 381.00001 774.00001 879.00001 283.00001 1826.00001 1676.00001 1303.00001 1230.00001 771.00001 932.00001 1114.00001 776.00001 608.00001 1174.00001 927.00001 1982.00001 1625.00001 1911.00001 1237.00001 924.00001 932.00001 783.00001 813.00001 611.00001 796.00001 1889.00001 1716.00001 1 1775.00001 1526.00001 807.00001 1281.00001 474.00001 1100.00001 1604.00001 1892.00001 1414.00001 663.00001 1072.00001 605.00001 475.00001 1844.00001 1579.00001 1172.00001 1349.00001 1015.00001 379.00001 x x x x x x x x x x x x x x x x x x x x x x x x x x x x 2.54418 x x x x x x x x x x x x x x x x x x x
986.00001 2155.00001 1133.00001 2485.00001 1626.00001 83.00001 260.00001 1025.00001 842.00001 2121.00001 847.00001 673.00001 1018.00001 1167.00001 659.00001 1276.00001 230.00001 292.00001 139.00001 548.00001 976.00001 1145.00001 1002.00001 1887.00001 1185.00001 2384.00001 118.00001 177.00001 1775.00001 1 543.00001 1354.00001 514.00001 1360.00001 2429.00001 233.00001 133.00001 716.00001 1334.00001 825.00001 1571.00001 1954.00001 127.00001 404.00001 2393.00001 509.00001 791.00001 1592.00001 x x x x x x x x x x x x x x x x x x x x x x x x x x x x x 0.33993 x x x x x x x x x x x x x x x x x x
498.00001 1898.00001 772.00001 2343.00001 1458.00001 525.00001 290.00001 493.00001 355.00001 2049.00001 660.00001 493.00001 899.00001 959.00001 381.00001 814.00001 754.00001 251.00001 611.00001 574.00001 985.00001 704.00001 768.00001 1870.00001 1036.00001 2246.00001 639.00001 374.00001 1526.00001 543.00001 1 1370.00001 373.00001 1059.00001 2386.00001 324.00001 572.00001 183.00001 1285.00001 455.00001 1168.00001 1823.00001 669.00001 139.00001 2384.00001 242.00001 761.00001 1456.00001 x x x x x x x x x x x x x x x x x x x x x x x x x x x x x x 0.48358 x x x x x x x x x x x x x x x x x
1250.00001 1091.00001 936.00001 1190.00001 528.00001 1428.00001 1375.00001 1426.00001 1240.00001 783.00001 737.00001 879.00001 504.00001 591.00001 1001.00001 1231.00001 1504.00001 1337.00001 1489.00001 844.00001 393.00001 1140.00001 713.00001 534.00001 458.00001 1091.00001 1445.00001 1376.00001 807.00001 1354.00001 1370.00001 1 1007.00001 794.00001 1076.00001 1275.00001 1486.00001 1354.00001 169.00001 1026.00001 1143.00001 692.00001 1372.00001 1349.00001 1043.00001 1131.00001 614.00001 437.00001 x x x x x x x x x x x x x x x x x x x x x x x x x x x x x x x 1.00192 x x x x x x x x x x x x x x x x
553.00001 1661.00001 622.00001 2044.00001 1163.00001 553.00001 402.00001 659.00001 434.00001 1718.00001 353.00001 168.00001 567.00001 678.00001 157.00001 799.00001 739.00001 354.00001 641.00001 207.00001 618.00001 661.00001 499.00001 1521.00001 723.00001 1944.00001 632.00001 436.00001 1281.00001 514.00001 373.00001 1007.00001 1 849.00001 2048.00001 323.00001 618.00001 424.00001 937.00001 332.00001 1062.00001 1514.00001 609.00001 344.00001 2035.00001 134.00001 394.00001 1145.00001 x x x x x x x x x x x x x x x x x x x x x x x x x x x x x x x x 0.30308 x x x x x x x x x x x x x x x
678.00001 840.00001 301.00001 1336.00001 503.00001 1401.00001 1231.00001 841.00001 757.00001 1138.00001 522.00001 687.00001 468.00001 265.00001 724.00001 503.00001 1579.00001 1178.00001 1490.00001 852.00001 688.00001 473.00001 363.00001 1070.00001 368.00001 1246.00001 1477.00001 1279.00001 474.00001 1360.00001 1059.00001 794.00001 849.00001 1 1486.00001 1168.00001 1466.00001 941.00001 627.00001 604.00001 356.00001 860.00001 1444.00001 1122.00001 1528.00001 898.00001 677.00001 554.00001 x x x x x x x x x x x x x x x x x x x x x x x x x x x x x x x x x 2.23828 x x x x x x x x x x x x x x
2136.00001 988.00001 1760.00001 451.00001 985.00001 2502.00001 2435.00001 2310.00001 2177.00001 349.00001 1727.00001 1899.00001 1488.00001 1453.00001 2006.00001 1986.00001 2577.00001 2393.00001 2564.00001 1907.00001 1457.00001 1954.00001 1637.00001 543.00001 1356.00001 435.00001 2521.00001 2443.00001 1100.00001 2429.00001 2386.00001 1076.00001 2048.00001 1486.00001 1 2338.00001 2561.00001 2331.00001 1112.00001 1976.00001 1701.00001 633.00001 2447.00001 2390.00001 146.00001 2160.00001 1666.00001 953.00001 x x x x x x x x x x x x x x x x x x x x x x x x x x x x x x x x x x 0.38505 x x x x x x x x x x x x x
754.00001 1984.00001 922.00001 2357.00001 1481.00001 244.00001 105.00001 795.00001 610.00001 2017.00001 675.00001 491.00001 877.00001 1000.00001 449.00001 1048.00001 459.00001 91.00001 336.00001 432.00001 884.00001 919.00001 822.00001 1802.00001 1038.00001 2256.00001 343.00001 113.00001 1604.00001 233.00001 324.00001 1275.00001 323.00001 1168.00001 2338.00001 1 305.00001 488.00001 1228.00001 605.00001 1356.00001 1826.00001 355.00001 190.00001 2316.00001 286.00001 673.00001 1457.00001 x x x x x x x x x x x x x x x x x x x x x x x x x x x x x x x x x x x 4.10272 x x x x x x x x x x x x
1046.00001 2272.00001 1227.00001 2613.00001 1750.00001 66.00001 285.00001 1064.00001 900.00001 2252.00001 961.00001 782.00001 1142.00001 1284.00001 753.00001 1348.00001 193.00001 332.00001 42.00001 674.00001 1108.00001 1221.00001 1114.00001 2019.00001 1308.00001 2513.00001 97.00001 207.00001 1892.00001 133.00001 572.00001 1486.00001 618.00001 1466.00001 2561.00001 305.00001 1 753.00001 1464.00001 910.00001 1661.00001 2082.00001 181.00001 437.00001 2526.00001 590.00001 919.00001 1718.00001 x x x x x x x x x x x x x x x x x x x x x x x x x x x x x x x x x x x x 4.62109 x x x x x x x x x x x
326.00001 1778.00001 644.00001 2255.00001 1377.00001 704.00001 469.00001 312.00001 194.00001 1987.00001 620.00001 487.00001 861.00001 882.00001 359.00001 643.00001 933.00001 427.00001 792.00001 630.00001 987.00001 544.00001 694.00001 1830.00001 976.00001 2160.00001 816.00001 552.00001 1414.00001 716.00001 183.00001 1354.00001 424.00001 941.00001 2331.00001 488.00001 753.00001 1 1250.00001 357.00001 1011.00001 1745.00001 841.00001 317.00001 2339.00001 301.00001 769.00001 1385.00001 x x x x x x x x x x x x x x x x x x x x x x x x x x x x x x x x x x x x x 2.38109 x x x x x x x x x x
1117.00001 976.00001 785.00001 1161.00001 396.00001 1403.00001 1324.00001 1294.00001 1121.00001 790.00001 632.00001 793.00001 390.00001 437.00001 907.00001 1075.00001 1503.00001 1281.00001 1471.00001 799.00001 360.00001 991.00001 580.00001 586.00001 306.00001 1059.00001 1433.00001 1334.00001 663.00001 1334.00001 1285.00001 169.00001 937.00001 627.00001 1112.00001 1228.00001 1464.00001 1250.00001 1 909.00001 974.00001 637.00001 1368.00001 1280.00001 1100.00001 1053.00001 555.00001 317.00001 x x x x x x x x x x x x x x x x x x x x x x x x x x x x x x x x x x x x x x 0.72976 x x x x x x x x x
261.00001 1443.00001 325.00001 1901.00001 1021.00001 848.00001 648.00001 418.00001 214.00001 1632.00001 295.00001 250.00001 524.00001 526.00001 175.00001 467.00001 1054.00001 595.00001 940.00001 466.00001 688.00001 329.00001 340.00001 1483.00001 624.00001 1806.00001 941.00001 709.00001 1072.00001 825.00001 455.00001 1026.00001 332.00001 604.00001 1976.00001 605.00001 910.00001 357.00001 909.00001 1 751.00001 1389.00001 931.00001 525.00001 1988.00001 320.00001 495.00001 1029.00001 x x x x x x x x x x x x x x x x x x x x x x x x x x x x x x x x x x x x x x x 3.39406 x x x x x x x x
692.00001 872.00001 442.00001 1467.00001 768.00001 1598.00001 1396.00001 805.00001 819.00001 1366.00001 795.00001 921.00001 807.00001 611.00001 913.00001 393.00001 1799.00001 1344.00001 1690.00001 1120.00001 1034.00001 468.00001 650.00001 1355.00001 723.00001 1391.00001 1689.00001 1459.00001 605.00001 1571.00001 1168.00001 1143.00001 1062.00001 356.00001 1701.00001 1356.00001 1661.00001 1011.00001 974.00001 751.00001 1 1071.00001 1671.00001 1264.00001 1766.00001 1071.00001 989.00001 843.00001 x x x x x x x x x x x x x x x x x x x x x x x x x x x x x x x x x x x x x x x x 1.85244 x x x x x x x
1525.00001 504.00001 1144.00001 532.00001 370.00001 2019.00001 1914.00001 1695.00001 1579.00001 297.00001 1171.00001 1353.00001 949.00001 866.00001 1445.00001 1356.00001 2134.00001 1867.00001 2093.00001 1409.00001 992.00001 1332.00001 1057.00001 403.00001 793.00001 431.00001 2059.00001 1936.00001 475.00001 1954.00001 1823.00001 692.00001 1514.00001 860.00001 633.00001 1826.00001 2082.00001 1745.00001 637.00001 1389.00001 1071.00001 1 1997.00001 1846.00001 698.00001 1611.00001 1164.00001 370.00001 x x x x x x x x x x x x x x x x x x x x x x x x x x x x x x x x x x x x x x x x x 3.69015 x x x x x x
1104.00001 2223.00001 1231.00001 2526.00001 1680.00001 174.00001 386.00001 1149.00001 961.00001 2149.00001 925.00001 760.00001 1076.00001 1238.00001 761.00001 1389.00001 139.00001 418.00001 154.00001 608.00001 1009.00001 1255.00001 1083.00001 1905.00001 1245.00001 2425.00001 91.00001 302.00001 1844.00001 127.00001 669.00001 1372.00001 609.00001 1444.00001 2447.00001 355.00001 181.00001 841.00001 1368.00001 931.00001 1671.00001 1997.00001 1 530.00001 2405.00001 622.00001 842.00001 1640.00001 x x x x x x x x x x x x x x x x x x x x x x x x x x x x x x x x x x x x x x x x x x 0.94299 x x x x x
616.00001 1957.00001 850.00001 2373.00001 1489.00001 387.00001 153.00001 629.00001 470.00001 2058.00001 676.00001 495.00001 905.00001 993.00001 408.00001 926.00001 616.00001 112.00001 475.00001 519.00001 958.00001 808.00001 804.00001 1864.00001 1054.00001 2274.00001 500.00001 235.00001 1579.00001 404.00001 139.00001 1349.00001 344.00001 1122.00001 2390.00001 190.00001 437.00001 317.00001 1280.00001 525.00001 1264.00001 1846.00001 530.00001 1 2379.00001 236.00001 735.00001 1477.00001 x x x x x x x x x x x x x x x x x x x x x x x x x x x x x x x x x x x x x x x x x x x 2.32006 x x x x
2162.00001 1098.00001 1790.00001 594.00001 1025.00001 2468.00001 2415.00001 2338.00001 2193.00001 401.00001 1727.00001 1892.00001 1486.00001 1470.00001 2004.00001 2030.00001 2532.00001 2375.00001 2527.00001 1884.00001 1432.00001 1989.00001 1649.00001 515.00001 1364.00001 569.00001 2481.00001 2418.00001 1172.00001 2393.00001 2384.00001 1043.00001 2035.00001 1528.00001 146.00001 2316.00001 2526.00001 2339.00001 1100.00001 1988.00001 1766.00001 698.00001 2405.00001 2379.00001 1 2152.00001 1647.00001 981.00001 x x x x x x x x x x x x x x x x x x x x x x x x x x x x x x x x x x x x x x x x x x x x 0.11928 x x x
488.00001 1727.00001 640.00001 2138.00001 1253.00001 528.00001 334.00001 565.00001 352.00001 1826.00001 441.00001 262.00001 673.00001 758.00001 176.00001 768.00001 739.00001 281.00001 621.00001 339.00001 745.00001 636.00001 570.00001 1638.00001 819.00001 2039.00001 625.00001 390.00001 1349.00001 509.00001 242.00001 1131.00001 134.00001 898.00001 2160.00001 286.00001 590.00001 301.00001 1053.00001 320.00001 1071.00001 1611.00001 622.00001 236.00001 2152.00001 1 520.00001 1242.00001 x x x x x x x x x x x x x x x x x x x x x x x x x x x x x x x x x x x x x x x x x x x x x 3.49176 x x
753.00001 1388.00001 591.00001 1695.00001 839.00001 856.00001 769.00001 911.00001 695.00001 1344.00001 225.00001 282.00001 239.00001 428.00001 410.00001 870.00001 980.00001 728.00001 930.00001 246.00001 225.00001 739.00001 341.00001 1133.00001 406.00001 1595.00001 898.00001 780.00001 1015.00001 791.00001 761.00001 614.00001 394.00001 677.00001 1666.00001 673.00001 919.00001 769.00001 555.00001 495.00001 989.00001 1164.00001 842.00001 735.00001 1647.00001 520.00001 1 801.00001 x x x x x x x x x x x x x x x x x x x x x x x x x x x x x x x x x x x x x x x x x x x x x x 2.31710 x
1184.00001 661.00001 810.00001 900.00001 97.00001 1654.00001 1545.00001 1359.00001 1226.00001 606.00001 802.00001 984.00001 581.00001 504.00001 1077.00001 1056.00001 1777.00001 1498.00001 1730.00001 1044.00001 646.00001 1009.00001 693.00001 519.00001 424.00001 800.00001 1698.00001 1568.00001 379.00001 1592.00001 1456.00001 437.00001 1145.00001 554.00001 953.00001 1457.00001 1718.00001 1385.00001 317.00001 1029.00001 843.00001 370.00001 1640.00001 1477.00001 981.00001 1242.00001 801.00001 1 x x x x x x x x x x x x x x x x x x x x x x x x x x x x x x x x x x x x x x x x x x x x x x x 4.57300
3.20502 x x x x x x x x x x x x x x x x x x x x x x x x x x x x x x x x x x x x x x x x x x x x x x x 2.79500 x x x x x x x x x x x x x x x x x x x x x x x x x x x x x x x x x x x x x x x x x x x x x x x
x 1.57467 x x x x x x x x x x x x x x x x x x x x x x x x x x x x x x x x x x x x x x x x x x x x x x x 4.42535 x x x x x x x x x x x x x x x x x x x x x x x x x x x x x x x x x x x x x x x x x x x x x x
x x 1.32330 x x x x x x x x x x x x x x x x x x x x x x x x x x x x x x x x x x x x x x x x x x x x x x x 4.67672 x x x x x x x x x x x x x x x x x x x x x x x x x x x x x x x x x x x x x x x x x x x x x
x x x 3.18509 x x x x x x x x x x x x x x x x x x x x x x x x x x x x x x x x x x x x x x x x x x x x x x x 2.81493 x x x x x x x x x x x x x x x x x x x x x x x x x x x x x x x x x x x x x x x x x x x x
x x x x 3.02885 x x x x x x x x x x x x x x x x x x x x x x x x x x x x x x x x x x x x x x x x x x x x x x x 2.97117 x x x x x x x x x x x x x x x x x x x x x x x x x x x x x x x x x x x x x x x x x x x
x x x x x 4.56628 x x x x x x x x x x x x x x x x x x x x x x x x x x x x x x x x x x x x x x x x x x x x x x x 1.43374 x x x x x x x x x x x x x x x x x x x x x x x x x x x x x x x x x x x x x x x x x x
x x x x x x 4.15387 x x x x x x x x x x x x x x x x x x x x x x x x x x x x x x x x x x x x x x x x x x x x x x x 1.84615 x x x x x x x x x x x x x x x x x x x x x x x x x x x x x x x x x x x x x x x x x
x x x x x x x 1.61624 x x x x x x x x x x x x x x x x x x x x x x x x x x x x x x x x x x x x x x x x x x x x x x x 4.38378 x x x x x x x x x x x x x x x x x x x x x x x x x x x x x x x x x x x x x x x x
x x x x x x x x 2.46821 x x x x x x x x x x x x x x x x x x x x x x x x x x x x x x x x x x x x x x x x x x x x x x x 3.53181 x x x x x x x x x x x x x x x x x x x x x x x x x x x x x x x x x x x x x x x
x x x x x x x x x 1.01217 x x x x x x x x x x x x x x x x x x x x x x x x x x x x x x x x x x x x x x x x x x x x x x x 4.98785 x x x x x x x x x x x x x x x x x x x x x x x x x x x x x x x x x x x x x x
x x x x x x x x x x 0.70924 x x x x x x x x x x x x x x x x x x x x x x x x x x x x x x x x x x x x x x x x x x x x x x x 5.29078 x x x x x x x x x x x x x x x x x x x x x x x x x x x x x x x x x x x x x
x x x x x x x x x x x 1.16895 x x x x x x x x x x x x x x x x x x x x x x x x x x x x x x x x x x x x x x x x x x x x x x x 4.83107 x x x x x x x x x x x x x x x x x x x x x x x x x x x x x x x x x x x x
x x x x x x x x x x x x 4.57500 x x x x x x x x x x x x x x x x x x x x x x x x x x x x x x x x x x x x x x x x x x x x x x x 1.42502 x x x x x x x x x x x x x x x x x x x x x x x x x x x x x x x x x x x
x x x x x x x x x x x x x 4.68719 x x x x x x x x x x x x x x x x x x x x x x x x x x x x x x x x x x x x x x x x x x x x x x x 1.31283 x x x x x x x x x x x x x x x x x x x x x x x x x x x x x x x x x x
x x x x x x x x x x x x x x 0.42628 x x x x x x x x x x x x x x x x x x x x x x x x x x x x x x x x x x x x x x x x x x x x x x x 5.57374 x x x x x x x x x x x x x x x x x x x x x x x x x x x x x x x x x
x x x x x x x x x x x x x x x 0.23982 x x x x x x x x x x x x x x x x x x x x x x x x x x x x x x x x x x x x x x x x x x x x x x x 5.76020 x x x x x x x x x x x x x x x x x x x x x x x x x x x x x x x x
x x x x x x x x x x x x x x x x 1.55285 x x x x x x x x x x x x x x x x x x x x x x x x x x x x x x x x x x x x x x x x x x x x x x x 4.44717 x x x x x x x x x x x x x x x x x x x x x x x x x x x x x x x
x x x x x x x x x x x x x x x x x 1.72487 x x x x x x x x x x x x x x x x x x x x x x x x x x x x x x x x x x x x x x x x x x x x x x x 4.27515 x x x x x x x x x x x x x x x x x x x x x x x x x x x x x x
x x x x x x x x x x x x x x x x x x 0.32179 x x x x x x x x x x x x x x x x x x x x x x x x x x x x x x x x x x x x x x x x x x x x x x x 5.67823 x x x x x x x x x x x x x x x x x x x x x x x x x x x x x
x x x x x x x x x x x x x x x x x x x 2.60782 x x x x x x x x x x x x x x x x x x x x x x x x x x x x x x x x x x x x x x x x x x x x x x x 3.39220 x x x x x x x x x x x x x x x x x x x x x x x x x x x x
x x x x x x x x x x x x x x x x x x x x 0.88222 x x x x x x x x x x x x x x x x x x x x x x x x x x x x x x x x x x x x x x x x x x x x x x x 5.11780 x x x x x x x x x x x x x x x x x x x x x x x x x x x
x x x x x x x x x x x x x x x x x x x x x 3.94274 x x x x x x x x x x x x x x x x x x x x x x x x x x x x x x x x x x x x x x x x x x x x x x x 2.05728 x x x x x x x x x x x x x x x x x x x x x x x x x x
x x x x x x x x x x x x x x x x x x x x x x 0.82686 x x x x x x x x x x x x x x x x x x x x x x x x x x x x x x x x x x x x x x x x x x x x x x x 5.17316 x x x x x x x x x x x x x x x x x x x x x x x x x
x x x x x x x x x x x x x x x x x x x x x x x 0.99411 x x x x x x x x x x x x x x x x x x x x x x x x x x x x x x x x x x x x x x x x x x x x x x x 5.00591 x x x x x x x x x x x x x x x x x x x x x x x x
x x x x x x x x x x x x x x x x x x x x x x x x 1.17922 x x x x x x x x x x x x x x x x x x x x x x x x x x x x x x x x x x x x x x x x x x x x x x x 4.82080 x x x x x x x x x x x x x x x x x x x x x x x
x x x x x x x x x x x x x x x x x x x x x x x x x 2.16677 x x x x x x x x x x x x x x x x x x x x x x x x x x x x x x x x x x x x x x x x x x x x x x x 3.83325 x x x x x x x x x x x x x x x x x x x x x x
x x x x x x x x x x x x x x x x x x x x x x x x x x 1.35578 x x x x x x x x x x x x x x x x x x x x x x x x x x x x x x x x x x x x x x x x x x x x x x x 4.64424 x x x x x x x x x x x x x x x x x x x x x
x x x x x x x x x x x x x x x x x x x x x x x x x x x 4.73194 x x x x x x x x x x x x x x x x x x x x x x x x x x x x x x x x x x x x x x x x x x x x x x x 1.26808 x x x x x x x x x x x x x x x x x x x x
x x x x x x x x x x x x x x x x x x x x x x x x x x x x 2.54418 x x x x x x x x x x x x x x x x x x x x x x x x x x x x x x x x x x x x x x x x x x x x x x x 3.45584 x x x x x x x x x x x x x x x x x x x
x x x x x x x x x x x x x x x x x x x x x x x x x x x x x 0.33993 x x x x x x x x x x x x x x x x x x x x x x x x x x x x x x x x x x x x x x x x x x x x x x x 5.66009 x x x x x x x x x x x x x x x x x x
x x x x x x x x x x x x x x x x x x x x x x x x x x x x x x 0.48358 x x x x x x x x x x x x x x x x x x x x x x x x x x x x x x x x x x x x x x x x x x x x x x x 5.51644 x x x x x x x x x x x x x x x x x
x x x x x x x x x x x x x x x x x x x x x x x x x x x x x x x 1.00192 x x x x x x x x x x x x x x x x x x x x x x x x x x x x x x x x x x x x x x x x x x x x x x x 4.99810 x x x x x x x x x x x x x x x x
x x x x x x x x x x x x x x x x x x x x x x x x x x x x x x x x 0.30308 x x x x x x x x x x x x x x x x x x x x x x x x x x x x x x x x x x x x x x x x x x x x x x x 5.69694 x x x x x x x x x x x x x x x
x x x x x x x x x x x x x x x x x x x x x x x x x x x x x x x x x 2.23828 x x x x x x x x x x x x x x x x x x x x x x x x x x x x x x x x x x x x x x x x x x x x x x x 3.76174 x x x x x x x x x x x x x x
x x x x x x x x x x x x x x x x x x x x x x x x x x x x x x x x x x 0.38505 x x x x x x x x x x x x x x x x x x x x x x x x x x x x x x x x x x x x x x x x x x x x x x x 5.61497 x x x x x x x x x x x x x
x x x x x x x x x x x x x x x x x x x x x x x x x x x x x x x x x x x 4.10272 x x x x x x x x x x x x x x x x x x x x x x x x x x x x x x x x x x x x x x x x x x x x x x x 1.89730 x x x x x x x x x x x x
x x x x x x x x x x x x x x x x x x x x x x x x x x x x x x x x x x x x 4.62109 x x x x x x x x x x x x x x x x x x x x x x x x x x x x x x x x x x x x x x x x x x x x x x x 1.37893 x x x x x x x x x x x
x x x x x x x x x x x x x x x x x x x x x x x x x x x x x x x x x x x x x 2.38109 x x x x x x x x x x x x x x x x x x x x x x x x x x x x x x x x x x x x x x x x x x x x x x x 3.61893 x x x x x x x x x x
x x x x x x x x x x x x x x x x x x x x x x x x x x x x x x x x x x x x x x 0.72976 x x x x x x x x x x x x x x x x x x x x x x x x x x x x x x x x x x x x x x x x x x x x x x x 5.27026 x x x x x x x x x
x x x x x x x x x x x x x x x x x x x x x x x x x x x x x x x x x x x x x x x 3.39406 x x x x x x x x x x x x x x x x x x x x x x x x x x x x x x x x x x x x x x x x x x x x x x x 2.60596 x x x x x x x x
x x x x x x x x x x x x x x x x x x x x x x x x x x x x x x x x x x x x x x x x 1.85244 x x x x x x x x x x x x x x x x x x x x x x x x x x x x x x x x x x x x x x x x x x x x x x x 4.14758 x x x x x x x
x x x x x x x x x x x x x x x x x x x x x x x x x x x x x x x x x x x x x x x x x 3.69015 x x x x x x x x x x x x x x x x x x x x x x x x x x x x x x x x x x x x x x x x x x x x x x x 2.30987 x x x x x x
x x x x x x x x x x x x x x x x x x x x x x x x x x x x x x x x x x x x x x x x x x 0.94299 x x x x x x x x x x x x x x x x x x x x x x x x x x x x x x x x x x x x x x x x x x x x x x x 5.05703 x x x x x
x x x x x x x x x x x x x x x x x x x x x x x x x x x x x x x x x x x x x x x x x x x 2.32006 x x x x x x x x x x x x x x x x x x x x x x x x x x x x x x x x x x x x x x x x x x x x x x x 3.67996 x x x x
x x x x x x x x x x x x x x x x x x x x x x x x x x x x x x x x x x x x x x x x x x x x 0.11928 x x x x x x x x x x x x x x x x x x x x x x x x x x x x x x x x x x x x x x x x x x x x x x x 5.88074 x x x
x x x x x x x x x x x x x x x x x x x x x x x x x x x x x x x x x x x x x x x x x x x x x 3.49176 x x x x x x x x x x x x x x x x x x x x x x x x x x x x x x x x x x x x x x x x x x x x x x x 2.50826 x x
x x x x x x x x x x x x x x x x x x x x x x x x x x x x x x x x x x x x x x x x x x x x x x 2.31710 x x x x x x x x x x x x x x x x x x x x x x x x x x x x x x x x x x x x x x x x x x x x x x x 3.68292 x
x x x x x x x x x x x x x x x x x x x x x x x x x x x x x x x x x x x x x x x x x x x x x x x 4.57300 x x x x x x x x x x x x x x x x x x x x x x x x x x x x x x x x x x x x x x x x x x x x x x x 1.42702