200
0 1 2 3 4 5 6 7 8 9 10 11 12 13 14 15 16 17 18 19 20 21 22 23 24 25 26 27 28 29 30 31 32 33 34 35 36 37 38 39 40 41 42 43 44 45 46 47 48 49 50 51 52 53 54 55 56 57 58 59 60 61 62 63 64 65 66 67 68 69 70 71 72 73 74 75 76 77 78 79 80 81 82 83 84 85 86 87 88 89 90 91 92 93 94 95 96 97 98 99 100 101 102 103 104 105 106 107 108 109 110 111 112 113 114 115 116 117 118 119 120 121 122 123 124 125 126 127 128 129 130 131 132 133 134 135 136 137 138 139 140 141 142 143 144 145 146 147 148 149 150 151 152 153 154 155 156 157 158 159 160 161 162 163 164 165 166 167 168 169 170 171 172 173 174 175 176 177 178 179 180 181 182 183 184 185 186 187 188 189 190 191 192 193 194 195 196 197 198 199
0
1 1692.82989 2252.27086 1103.60954 2522.81451 396.85263 1446.76537 424.53741 1424.05935 749.10614 902.26937 1546.99225 2553.84515 2378.37025 1014.75367 1259.35619 1017.52888 1167.46950 813.70573 1404.84342 885.11300 1329.53113 882.22050 1206.06676 1194.02053 1510.63862 1571.55974 415.63687 2080.50404 2144.57456 886.71304 790.22593 2640.85177 1803.86974 1576.11834 1172.71055 2518.19500 1224.82653 2102.31421 1358.10641 2697.59913 661.46052 2250.85985 1668.39445 923.01789 2114.68628 429.19693 2522.63296 442.28951 1706.57231 1128.68952 2474.05175 1010.45139 1394.17970 1707.54620 795.34270 1359.81764 718.22908 1030.89719 1152.28904 1043.21859 1259.65909 288.08680 1365.66212 1250.23399 1286.43889 593.18885 1617.69281 1240.50354 1386.55906 2635.28311 801.53853 1531.15970 941.98196 628.04619 2648.72385 1048.42931 2442.32759 1007.91122 862.97452 1219.59215 2186.07229 1715.55152 888.47398 1733.84112 1508.30038 1254.92829 1219.44661 806.48994 643.77016 752.97345 302.55248 412.97580 1358.84805 2431.13472 2376.68362 814.87730 782.65255 1468.25237 2643.49410 4.12133 x x x x x x x x x x x x x x x x x x x x x x x x x x x x x x x x x x x x x x x x x x x x x x x x x x x x x x x x x x x x x x x x x x x x x x x x x x x x x x x x x x x x x x x x x x x x x x x x x x x
1692.82989 1 1708.46979 2402.81607 1185.95954 2056.61300 1391.80639 1619.84105 1342.50513 2441.83149 2358.83553 1606.48811 969.75152 1661.98497 2445.81317 2830.61496 2455.09593 2836.89127 2310.21602 1603.24173 2501.84253 2896.74750 1921.43333 2894.55559 893.07112 2670.97062 1737.33734 1363.36533 1500.96637 1190.74473 1592.38470 2165.91783 1069.31802 1451.47960 1893.08057 2857.56908 1143.12424 2917.25711 961.13788 336.50558 1984.45409 1536.06023 1834.54546 256.56384 2124.21398 1636.49779 1932.61715 1595.60648 2094.27339 416.12499 1146.96339 1302.29222 2577.25145 331.30350 1529.07980 1902.78980 1400.38888 1160.70066 2626.07389 1851.15668 1006.10637 1802.54266 1979.19808 331.71676 2526.65828 2618.48698 1102.74295 710.53854 573.26609 2887.44265 1901.81441 2458.64700 462.24345 2543.90665 2076.21219 1045.01723 1663.85968 1262.33317 2647.11240 1670.00480 842.63042 569.94124 1513.22504 2581.30065 832.31365 1752.07221 1218.50073 2806.43351 1419.50873 2301.79865 1978.32102 1769.46914 1399.74642 2963.13298 793.77139 1200.94131 2093.03608 1911.41101 3155.99367 1830.80530 x 2.42515 x x x x x x x x x x x x x x x x x x x x x x x x x x x x x x x x x x x x x x x x x x x x x x x x x x x x x x x x x x x x x x x x x x x x x x x x x x x x x x x x x x x x x x x x x x x x x x x x x x
2252.27086 1708.46979 1 3332.92335 1073.73601 2622.80614 811.32115 2501.89769 829.19058 2793.51035 2264.73002 782.46598 1532.65424 221.29845 2279.52737 3482.27656 2292.55339 3286.38480 3065.97538 934.01339 2582.16286 3551.54122 1703.46970 3245.71981 1183.94300 3716.83105 846.13239 1855.77640 214.02104 592.08446 2769.94875 2086.77863 1532.92206 448.41277 983.24616 3047.00017 1133.38168 3215.88371 850.56512 1730.96766 450.78710 2591.88157 171.02632 1452.25068 1895.67984 139.26235 2138.57383 507.05523 2669.80150 1292.65348 1137.94904 823.31040 3246.17807 1827.94339 567.12081 2916.61757 902.65609 1572.47227 2625.83797 1377.63058 1275.46738 1227.89292 2473.69886 1650.52871 3479.70187 3529.20119 1872.40622 1020.78500 1423.78124 3630.57710 401.00500 2640.37650 1287.39195 2582.74777 2870.33832 1615.06967 1333.01464 832.66321 3193.36078 2811.80815 1192.82062 1530.88864 552.95299 2913.17182 880.57085 926.74161 1001.00001 3435.26215 2587.06978 2842.38281 1885.10611 2515.46299 1845.79875 3554.43386 1633.18218 826.46054 3018.37656 1786.23544 3314.91554 454.27856 x x 3.18474 x x x x x x x x x x x x x x x x x x x x x x x x x x x x x x x x x x x x x x x x x x x x x x x x x x x x x x x x x x x x x x x x x x x x x x x x x x x x x x x x x x x x x x x x x x x x x x x x x
1103.60954 2402.81607 3332.92335 1 3447.02554 822.12530 2538.42472 850.71853 2511.70959 1030.06894 1695.41736 2649.13893 3362.05132 3441.60966 1794.27452 624.77197 1789.48960 928.90313 372.33991 2508.21152 1444.92112 660.86686 1928.37471 1101.31059 2203.68624 417.06236 2675.05552 1478.04872 3149.95636 3152.29981 844.35183 1696.56271 3458.91603 2886.52387 2674.07574 1336.01348 3428.18029 1189.67307 3060.98890 2087.30186 3771.11191 867.68198 3343.36897 2479.00183 1895.49783 3197.56158 1394.72292 3555.86067 785.49476 2568.81783 2195.77459 3447.68474 497.63642 2071.58032 2801.62240 500.37187 2454.43803 1763.01135 1572.77876 2235.15280 2076.10815 2353.39437 973.90350 2131.24026 147.17677 216.11341 1502.06825 2575.05729 2132.52926 554.47634 3704.46178 1293.38704 2416.40478 1507.78249 477.20018 3443.82347 2147.80494 3412.10347 718.35716 758.02178 2215.77369 2965.15802 2808.10560 1061.23325 2712.55176 2611.05650 2332.15459 644.04970 992.36285 747.46640 1760.31617 819.31924 1491.48417 784.62349 3196.27440 3344.20470 324.22987 1821.03076 1498.55164 3701.24642 x x x 0.49916 x x x x x x x x x x x x x x x x x x x x x x x x x x x x x x x x x x x x x x x x x x x x x x x x x x x x x x x x x x x x x x x x x x x x x x x x x x x x x x x x x x x x x x x x x x x x x x x x
2522.81451 1185.95954 1073.73601 3447.02554 1 2919.35216 1423.98913 2605.81754 1400.12143 3218.19531 2883.28373 1552.61844 502.33257 890.90629 2934.40319 3770.09828 2946.54307 3681.02867 3277.00749 1655.73066 3135.40365 3839.75339 2328.64468 3691.81691 1343.50141 3765.13799 1675.52411 2113.82711 972.74869 553.16635 2700.63864 2683.12133 474.65883 1178.07174 1851.22501 3569.12329 69.23151 3688.56464 437.38542 1413.01664 1079.08203 2593.88146 1244.73974 1007.24626 2548.36910 1107.07950 2591.87751 652.15030 2964.12231 887.02876 1498.04040 259.23928 3515.59740 1468.37394 1342.82725 2961.86243 1499.52293 1818.49004 3221.86345 2087.72629 1506.11090 1965.28370 2799.73660 1349.99853 3583.50695 3661.45245 1971.11188 905.80628 1316.70575 3869.00828 1007.26264 3145.42605 1030.67406 3156.84670 3049.34699 564.02217 1957.62842 242.16731 3530.72571 2768.47540 1310.24655 704.49486 1319.48855 3354.73592 805.34838 1738.26840 1442.08323 3734.71941 2515.89051 3166.41707 2468.07497 2701.29618 2128.81423 3879.30368 670.54680 253.14029 3124.03906 2373.91492 3863.26754 894.15212 x x x x 1.87831 x x x x x x x x x x x x x x x x x x x x x x x x x x x x x x x x x x x x x x x x x x x x x x x x x x x x x x x x x x x x x x x x x x x x x x x x x x x x x x x x x x x x x x x x x x x x x x x
396.85263 2056.61300 2622.80614 822.12530 2919.35216 1 1812.30738 533.67032 1793.85424 436.02295 907.18136 1891.77827 2940.77831 2758.11984 1014.67681 867.13898 1012.35420 781.95205 473.70139 1743.55529 737.13026 937.24331 1110.78577 843.28229 1590.11353 1238.99840 1899.79895 811.00556 2458.47291 2538.56102 944.03391 880.77751 3029.28540 2175.12529 1879.61087 876.62194 2914.20144 878.00912 2499.15207 1720.11774 3071.17649 764.29446 2610.47774 2050.53360 1074.24114 2484.16627 574.18639 2911.47884 47.07442 2096.31225 1513.77939 2870.30731 623.91026 1745.02866 2068.13202 697.68905 1722.47846 1113.11501 886.00057 1428.74281 1437.61366 1555.52597 157.25776 1735.62238 960.02553 970.27059 973.53635 2014.44236 1630.60634 1007.92163 3011.41048 604.46672 1922.57381 802.88605 374.23256 3034.31212 1361.37872 2838.76735 611.65759 886.48802 1616.26762 2567.15953 2078.01084 560.97238 2130.50253 1830.29889 1633.84364 825.11212 942.64841 249.32710 938.87008 329.07447 804.20459 962.25154 2811.48005 2773.24234 609.58429 1002.96013 1154.04550 3024.69917 x x x x x 2.97539 x x x x x x x x x x x x x x x x x x x x x x x x x x x x x x x x x x x x x x x x x x x x x x x x x x x x x x x x x x x x x x x x x x x x x x x x x x x x x x x x x x x x x x x x x x x x x x
1446.76537 1391.80639 811.32115 2538.42472 1423.98913 1812.30738 1 1724.84029 50.24939 1989.20538 1511.09233 216.11341 1709.03629 963.35093 1545.00648 2670.95564 1557.71147 2480.83152 2259.77456 242.20034 1806.20404 2740.22792 942.25104 2447.78534 555.79224 2931.31593 345.68484 1062.01508 663.19304 894.87989 2040.94734 1320.12311 1756.40657 366.89509 508.99215 2265.81289 1453.67535 2423.19831 1005.72612 1258.79189 1261.29974 1843.69413 805.09628 1165.01074 1153.73481 672.30946 1332.88410 1164.60509 1859.25201 1051.98147 382.78193 1263.39623 2435.29753 1362.06205 264.15148 2144.67248 93.04838 800.23560 1866.83075 666.10811 561.80514 541.61334 1662.56911 1187.47169 2685.57723 2729.88664 1130.68166 740.94535 895.31727 2820.22482 1205.23069 1850.60261 934.84759 1814.36491 2070.01644 1810.52038 560.01608 1245.82905 2382.85649 2071.41812 593.67079 1508.62389 269.68316 2112.27461 714.19396 369.43201 237.99371 2624.00001 1867.18184 2031.08100 1108.95312 1719.10792 1046.94079 2744.01641 1707.41970 1196.33817 2229.60199 1009.75691 2544.23133 1231.34765 x x x x x x 4.07876 x x x x x x x x x x x x x x x x x x x x x x x x x x x x x x x x x x x x x x x x x x x x x x x x x x x x x x x x x x x x x x x x x x x x x x x x x x x x x x x x x x x x x x x x x x x x x
424.53741 1619.84105 2501.89769 850.71853 2605.81754 533.67032 1724.84029 1 1693.38390 969.69274 1307.46856 1858.84185 2553.93364 2600.32172 1420.53547 1210.84187 1421.95113 1257.13206 691.03474 1728.84384 1228.32773 1276.91543 1295.39068 1350.98817 1355.05905 1216.00371 1904.64276 670.85767 2312.64633 2301.66723 464.96883 1210.88935 2648.02154 2059.71115 1934.29704 1410.09008 2590.02897 1397.24301 2212.88613 1288.82001 2933.78340 247.77814 2524.46946 1660.67578 1347.31215 2369.01035 849.76351 2706.76801 553.17629 1736.74898 1365.05679 2598.65889 958.17536 1293.20881 1988.89166 420.64000 1646.53577 930.40691 1379.07833 1539.01593 1233.10544 1630.71795 554.04874 1320.95913 993.62016 1061.07541 651.46375 1725.77925 1289.12568 1275.73117 2865.05306 1113.80071 1577.34525 1291.32878 456.98360 2641.09410 1411.55943 2563.42974 1047.85162 438.50771 1365.77635 2163.98337 1992.99399 1092.47701 1862.13024 1849.79621 1506.36019 1187.76514 416.32921 738.87483 1175.92390 206.30561 696.60391 1345.78603 2402.84000 2495.66605 527.05693 1199.80541 1683.73663 2857.26881 x x x x x x x 0.76622 x x x x x x x x x x x x x x x x x x x x x x x x x x x x x x x x x x x x x x x x x x x x x x x x x x x x x x x x x x x x x x x x x x x x x x x x x x x x x x x x x x x x x x x x x x x x
1424.05935 1342.50513 829.19058 2511.70959 1400.12143 1793.85424 50.24939 1693.38390 1 1980.89198 1518.62603 266.27055 1674.20729 972.26026 1555.99808 2654.91037 1568.60449 2471.46921 2237.65637 281.31123 1807.97346 2724.37040 950.85331 2442.02949 506.32007 2902.39695 394.83289 1033.99276 671.25257 878.08030 2002.80829 1325.47351 1723.48746 381.28337 555.71397 2265.53593 1427.87851 2419.35633 977.49170 1208.59093 1277.43572 1807.63742 832.32507 1116.88183 1165.08756 690.97396 1324.54710 1163.59788 1840.87290 1005.68386 341.69724 1246.64551 2417.44680 1311.87577 297.55841 2112.59675 99.76473 765.87337 1872.34400 687.60818 517.34902 569.52613 1645.47897 1137.22646 2658.79861 2704.79316 1092.44040 696.58095 845.18520 2801.49479 1219.05948 1848.36821 886.27593 1817.94528 2045.10954 1776.01493 569.57266 1227.73166 2369.32481 2034.61742 543.73708 1466.80640 299.92333 2105.54721 675.88314 415.40945 195.48914 2608.58219 1827.88759 2015.52103 1112.76324 1692.60658 1020.76933 2730.50564 1668.26168 1176.47780 2201.18151 1013.98423 2546.21446 1240.41607 x x x x x x x x 1.76131 x x x x x x x x x x x x x x x x x x x x x x x x x x x x x x x x x x x x x x x x x x x x x x x x x x x x x x x x x x x x x x x x x x x x x x x x x x x x x x x x x x x x x x x x x x x
749.10614 2441.83149 2793.51035 1030.06894 3218.19531 436.02295 1989.20538 969.69274 1980.89198 1 721.26141 2024.65529 3286.98419 2952.33620 802.17268 769.80128 794.76853 493.37715 664.25373 1871.21486 420.38674 829.60775 1136.55489 473.62539 1874.70985 1416.40426 2003.39712 1117.59475 2651.64950 2792.85518 1366.02344 795.61612 3371.09983 2355.76273 1944.72647 441.19158 3220.13945 478.48094 2786.95121 2107.21073 3244.04270 1197.60178 2755.66799 2409.84399 1017.20894 2654.48037 656.40994 3136.00782 420.59483 2437.38734 1749.77142 3141.82432 617.28763 2141.97597 2226.89426 1078.64453 1896.26370 1401.86199 542.72001 1481.27041 1712.77933 1626.01631 465.46537 2114.00782 1136.89095 1102.39059 1340.55400 2315.18856 1973.39835 969.92887 3192.02648 269.65164 2259.18438 480.58507 712.19802 3383.74852 1469.70610 3113.28316 454.23453 1301.62400 1908.68987 2927.25265 2240.56445 140.03572 2415.41405 1926.37121 1848.41149 713.08486 1376.93937 300.02668 945.01059 764.69734 1095.56242 791.77018 3172.55860 3050.33983 933.77354 1035.70508 725.82712 3220.43989 x x x x x x x x x 2.41334 x x x x x x x x x x x x x x x x x x x x x x x x x x x x x x x x x x x x x x x x x x x x x x x x x x x x x x x x x x x x x x x x x x x x x x x x x x x x x x x x x x x x x x x x x x
902.26937 2358.83553 2264.73002 1695.41736 2883.28373 907.18136 1511.09233 1307.46856 1518.62603 721.26141 1 1483.06609 3056.08656 2450.31121 113.07078 1487.71100 115.26058 1161.23427 1323.96413 1334.15180 348.93124 1544.61291 569.01407 1060.31742 1592.27040 2102.42551 1427.01718 1026.07798 2158.99167 2390.68401 1771.00707 201.85392 3126.63462 1859.02449 1329.07977 804.47997 2899.67792 1004.97265 2446.65180 2052.77788 2705.46430 1553.66922 2196.00092 2252.60961 370.00542 2130.13616 485.24222 2672.88703 931.18098 2231.72692 1391.60412 2757.15253 1334.04424 2118.40342 1706.96691 1592.13694 1421.52665 1199.96543 361.27138 888.38056 1431.61623 1039.23290 791.76765 2031.86344 1819.13854 1800.88340 1324.60599 2027.11619 1807.75359 1690.79509 2664.74784 467.08673 2054.65813 328.69440 1280.11251 3158.01584 951.15615 2735.05577 1173.36483 1733.53772 1638.25060 2745.89622 1725.00117 781.21957 2088.98373 1346.00150 1442.33874 1430.23635 1707.30432 954.11216 415.49610 1127.81737 982.15326 1491.46439 2984.60082 2679.09034 1516.31957 509.73425 1053.22980 2712.87247 x x x x x x x x x x 3.62952 x x x x x x x x x x x x x x x x x x x x x x x x x x x x x x x x x x x x x x x x x x x x x x x x x x x x x x x x x x x x x x x x x x x x x x x x x x x x x x x x x x x x x x x x x
1546.99225 1606.48811 782.46598 2649.13893 1552.61844 1891.77827 216.11341 1858.84185 266.27055 2024.65529 1483.06609 1 1876.00907 969.14912 1501.45597 2735.85838 1514.44380 2518.00319 2352.08717 153.58386 1800.00112 2804.08738 921.09175 2469.69635 767.60668 3050.37310 136.48810 1188.35391 685.81048 1005.19900 2201.48882 1304.34506 1916.31444 395.40992 312.19546 2265.17307 1589.21648 2437.03202 1154.61250 1473.78425 1227.82492 1996.18362 731.01643 1376.80246 1114.84215 647.09274 1375.18182 1207.35911 1938.07870 1258.81374 570.73725 1366.93124 2508.79115 1576.91155 229.92391 2279.36944 240.75092 955.11780 1843.94903 598.81968 756.12831 452.09292 1737.55145 1403.00250 2796.12054 2833.12867 1296.08720 943.40077 1109.87658 2896.07615 1183.26414 1861.19774 1147.96560 1800.28471 2174.94943 1975.96585 555.64468 1354.70920 2438.23708 2226.23091 807.37229 1700.40261 250.87448 2140.16005 899.55212 185.97044 435.78436 2686.40151 2033.10035 2096.93229 1104.00092 1832.68793 1166.27699 2797.84865 1889.64786 1312.49382 2348.60385 1005.56055 2532.47785 1229.99351 x x x x x x x x x x x 0.33170 x x x x x x x x x x x x x x x x x x x x x x x x x x x x x x x x x x x x x x x x x x x x x x x x x x x x x x x x x x x x x x x x x x x x x x x x x x x x x x x x x x x x x x x x
2553.84515 969.75152 1532.65424 3362.05132 502.33257 2940.77831 1709.03629 2553.93364 1674.20729 3286.98419 3056.08656 1876.00907 1 1370.37222 3122.30685 3756.47615 3133.57465 3720.48519 3243.39823 1950.94081 3267.83263 3824.39382 2531.76382 3755.48693 1464.17555 3639.88929 2008.75709 2170.08042 1397.14066 956.62167 2561.27801 2854.35843 100.66281 1542.65389 2186.90742 3672.72448 433.17549 3765.05313 733.48484 1274.76195 1580.21392 2494.47090 1701.27747 894.91062 2751.82795 1541.71756 2702.53308 1150.51381 2982.43609 849.63169 1674.83881 755.00796 3501.00801 1296.44592 1693.54924 2863.71176 1767.78648 1900.22842 3371.63967 2342.80709 1626.49317 2240.20223 2840.71981 1234.18719 3489.32086 3578.13640 1967.41659 1033.00775 1314.33026 3829.44396 1507.06073 3254.74255 1028.40898 3298.39432 3009.97958 102.82510 2186.83997 730.03357 3547.62034 2637.90259 1419.32379 399.84623 1670.75194 3426.63699 1002.72629 2059.71965 1660.76188 3727.58435 2386.25670 3189.99452 2644.31920 2682.30368 2195.08179 3880.20271 215.64092 715.43694 3047.17083 2557.73534 3971.84719 1395.54506 x x x x x x x x x x x x 4.39867 x x x x x x x x x x x x x x x x x x x x x x x x x x x x x x x x x x x x x x x x x x x x x x x x x x x x x x x x x x x x x x x x x x x x x x x x x x x x x x x x x x x x x x x
2378.37025 1661.98497 221.29845 3441.60966 890.90629 2758.11984 963.35093 2600.32172 972.26026 2952.33620 2450.31121 969.14912 1370.37222 1 2470.59508 3622.68424 2483.58009 3443.48807 3190.10722 1116.19802 2760.05689 3692.40790 1884.42565 3410.87233 1254.77091 3816.03277 1046.56057 1972.45660 301.04154 482.37435 2838.50543 2267.40072 1360.58114 598.02091 1192.55860 3222.91313 954.50983 3385.05909 740.64837 1727.45189 343.63354 2672.00469 379.34814 1410.11525 2083.27940 329.95304 2295.93664 287.58652 2805.19323 1248.35973 1250.96004 633.51481 3381.93925 1819.14816 743.34717 3008.84115 1056.38110 1679.31535 2810.48360 1567.94931 1367.23079 1420.27393 2612.65862 1647.53939 3587.55628 3642.55790 1958.18080 1013.87624 1450.67434 3763.34653 267.55187 2811.12025 1273.97999 2763.83883 2986.95582 1446.32674 1507.45515 649.05856 3340.39669 2885.91650 1254.78286 1415.41126 725.58116 3075.61133 863.02029 1125.87967 1124.46344 3577.37517 2652.86959 2984.55107 2061.38013 2629.43816 1967.07703 3701.49120 1490.62035 655.08016 3122.90411 1962.03008 3495.99114 268.16787 x x x x x x x x x x x x x 1.32451 x x x x x x x x x x x x x x x x x x x x x x x x x x x x x x x x x x x x x x x x x x x x x x x x x x x x x x x x x x x x x x x x x x x x x x x x x x x x x x x x x x x x x x
1014.75367 2445.81317 2279.52737 1794.27452 2934.40319 1014.67681 1545.00648 1420.53547 1555.99808 802.17268 113.07078 1501.45597 3122.30685 2470.59508 1 1560.85394 13.03841 1219.44661 1422.13924 1355.95060 402.22631 1615.35756 606.92340 1105.60120 1661.00272 2198.40898 1436.02264 1125.43015 2183.24942 2432.38259 1884.02151 280.03215 3190.69978 1884.71033 1326.21719 830.83152 2953.09889 1042.70083 2499.03983 2144.22621 2715.52353 1666.73364 2203.00364 2332.03453 391.28124 2146.92269 595.18486 2700.78841 1037.10222 2305.31257 1451.16127 2800.16661 1418.81677 2212.25768 1728.44816 1702.57600 1457.50370 1285.22217 370.47268 902.76521 1502.70424 1051.70054 902.70317 2120.78524 1915.41119 1893.37055 1425.29437 2090.68052 1889.44226 1767.32143 2677.84989 538.16448 2129.60678 364.91781 1386.39425 3224.58758 986.42639 2779.34184 1248.90753 1846.28980 1708.16862 2819.88742 1747.39693 848.06663 2146.05593 1354.88930 1492.38133 1502.96940 1820.12226 1049.48798 478.87369 1240.45194 1080.59984 1555.11705 3056.80439 2724.89450 1622.85244 565.10000 1057.65118 2730.56369 x x x x x x x x x x x x x x 1.62320 x x x x x x x x x x x x x x x x x x x x x x x x x x x x x x x x x x x x x x x x x x x x x x x x x x x x x x x x x x x x x x x x x x x x x x x x x x x x x x x x x x x x x
1259.35619 2830.61496 3482.27656 624.77197 3770.09828 867.13898 2670.95564 1210.84187 2654.91037 769.80128 1487.71100 2735.85838 3756.47615 3622.68424 1560.85394 1 1552.21681 399.40582 523.32114 2584.53188 1162.01077 70.17835 1885.91014 578.07007 2452.43900 839.80296 2730.45675 1674.98777 3322.44143 3403.92392 1387.54821 1562.86821 3848.76605 3035.95126 2688.48453 876.62079 3761.27639 674.11128 3356.25045 2498.68707 3931.96962 1333.68813 3462.08031 2861.57196 1783.54367 3343.22540 1367.09035 3778.61576 820.28898 2924.84958 2380.73981 3731.49864 255.69123 2503.86602 2922.54753 1020.65470 2579.86706 1977.58364 1247.61574 2226.07099 2302.57010 2365.28921 1010.03169 2527.81033 630.89224 534.19567 1802.51520 2868.85414 2464.07570 214.84879 3873.84371 1023.13734 2756.81266 1211.13667 755.79099 3845.84192 2189.99407 3699.18506 315.62796 1301.41040 2476.30714 3370.58008 2933.64842 714.58241 2990.08847 2656.63322 2499.22889 58.13778 1495.19899 640.10156 1696.62165 1075.37529 1670.48048 160.70471 3611.10095 3633.05506 804.55517 1780.89894 950.96215 3889.77443 x x x x x x x x x x x x x x x 4.32194 x x x x x x x x x x x x x x x x x x x x x x x x x x x x x x x x x x x x x x x x x x x x x x x x x x x x x x x x x x x x x x x x x x x x x x x x x x x x x x x x x x x x
1017.52888 2455.09593 2292.55339 1789.48960 2946.54307 1012.35420 1557.71147 1421.95113 1568.60449 794.76853 115.26058 1514.44380 3133.57465 2483.58009 13.03841 1552.21681 1 1209.44616 1417.27133 1368.89153 392.62197 1606.45013 619.31738 1094.65795 1672.00479 2192.99340 1449.06074 1132.68576 2196.17942 2444.88958 1885.12839 289.17816 3202.11759 1897.61035 1339.19753 818.91209 2965.12817 1031.30258 2511.10534 2152.89666 2728.56190 1668.37557 2216.03814 2342.15393 404.01115 2159.93543 599.47061 2713.66616 1034.26158 2315.97238 1462.76212 2812.63738 1411.66746 2220.57336 1741.40663 1701.36564 1470.14456 1294.60188 358.24015 915.76472 1513.50257 1064.72157 901.88526 2129.80094 1910.08116 1887.34577 1432.33028 2102.08588 1899.29725 1759.03639 2690.88425 529.91793 2140.13669 354.15393 1383.58268 3235.83329 999.03204 2791.76522 1240.62082 1846.84922 1719.08407 2830.53583 1760.34373 839.03100 2157.86052 1367.92727 1504.49461 1494.29884 1822.46236 1044.17672 489.80201 1240.89042 1088.01563 1545.51772 3067.61227 2737.25776 1620.08643 576.64201 1044.88852 2743.57432 x x x x x x x x x x x x x x x x 2.80217 x x x x x x x x x x x x x x x x x x x x x x x x x x x x x x x x x x x x x x x x x x x x x x x x x x x x x x x x x x x x x x x x x x x x x x x x x x x x x x x x x x x
1167.46950 2836.89127 3286.38480 928.90313 3681.02867 781.95205 2480.83152 1257.13206 2471.46921 493.37715 1161.23427 2518.00319 3720.48519 3443.48807 1219.44661 399.40582 1209.44616 1 671.09613 2364.54479 817.66498 431.61326 1624.76645 181.33947 2340.53841 1218.24957 2495.53622 1567.84343 3142.60848 3271.96349 1548.56612 1269.53851 3808.04741 2847.60128 2432.79306 478.97913 3679.44195 276.84834 3254.08821 2500.42317 3737.00657 1438.27710 3249.01909 2831.83069 1490.72500 3147.29679 1148.15723 3622.83978 742.84656 2873.96174 2230.72837 3615.92216 433.12932 2521.96631 2719.95828 1198.40937 2387.99017 1863.09045 879.93183 1970.05712 2181.47887 2116.20983 883.24007 2517.28823 977.88037 899.06730 1754.43268 2775.39638 2407.88747 612.08252 3684.53119 697.25248 2698.60057 857.32434 853.79682 3814.69856 1962.93582 3586.24889 229.65192 1468.69875 2371.35616 3348.77665 2733.47875 386.80358 2882.94052 2418.08293 2334.45327 346.17482 1615.10527 535.09346 1433.19574 1076.74557 1552.28413 341.91959 3593.23713 3522.24077 996.83500 1525.90564 572.55219 3711.64762 x x x x x x x x x x x x x x x x x 3.67482 x x x x x x x x x x x x x x x x x x x x x x x x x x x x x x x x x x x x x x x x x x x x x x x x x x x x x x x x x x x x x x x x x x x x x x x x x x x x x x x x x x
813.70573 2310.21602 3065.97538 372.33991 3277.00749 473.70139 2259.77456 691.03474 2237.65637 664.25373 1323.96413 2352.08717 3243.39823 3190.10722 1422.13924 523.32114 1417.27133 671.09613 1 2206.18087 1074.81069 587.55426 1583.62244 819.49864 1981.89254 780.18589 2366.34593 1218.76045 2893.12185 2937.19544 889.13948 1331.91367 3336.84957 2617.57541 2351.39534 1007.92511 3264.86157 896.42011 2871.81616 1979.83081 3511.01639 813.26073 3062.93080 2349.15326 1535.82194 2928.37379 1046.20697 3326.13801 431.80205 2419.19864 1939.26301 3252.62188 279.87320 1982.39957 2519.55493 530.08397 2172.07851 1517.58362 1205.72386 1902.22844 1840.55862 2027.75986 630.60052 2011.50939 497.11167 497.11569 1306.07505 2382.97315 1963.39503 592.00085 3448.18794 923.64334 2254.93438 1138.32026 234.07906 3331.30081 1830.41117 3218.94347 441.49067 806.11291 2001.03174 2854.63221 2528.06726 711.00001 2510.96556 2298.44405 2067.94440 506.74353 979.61473 375.58622 1408.78672 576.94455 1223.05847 667.47061 3093.82305 3151.93687 325.86194 1475.71340 1209.68509 3454.29386 x x x x x x x x x x x x x x x x x x 2.97206 x x x x x x x x x x x x x x x x x x x x x x x x x x x x x x x x x x x x x x x x x x x x x x x x x x x x x x x x x x x x x x x x x x x x x x x x x x x x x x x x x
1404.84342 1603.24173 934.01339 2508.21152 1655.73066 1743.55529 242.20034 1728.84384 281.31123 1871.21486 1334.15180 153.58386 1950.94081 1116.19802 1355.95060 2584.53188 1368.89153 2364.54479 2206.18087 1 1648.17476 2652.60062 769.79609 2316.19085 730.00275 2911.95949 180.56856 1058.18572 827.37417 1116.93555 2085.81520 1153.17302 1997.45464 530.08019 293.01537 2113.00853 1688.04177 2283.82422 1243.55701 1440.40134 1380.62668 1875.85315 884.50948 1386.55005 967.33708 797.56443 1222.43733 1346.46501 1789.66059 1282.07645 501.88147 1483.33847 2358.85588 1542.05384 372.93030 2148.62585 203.74740 844.07702 1694.54892 455.92654 686.72121 315.83541 1588.67776 1374.05241 2654.98061 2689.69330 1188.44521 976.56593 1077.00419 2746.31627 1335.00338 1708.01201 1154.24998 1649.45719 2032.80718 2052.30725 402.06095 1468.41582 2285.95452 2106.69885 775.34123 1748.05293 391.49203 1986.57722 956.05963 155.42523 390.12819 2534.78304 1921.81504 1946.11332 951.32855 1694.17267 1033.15537 2645.30472 1949.04721 1422.26440 2211.03054 852.67814 2381.77246 1379.05766 x x x x x x x x x x x x x x x x x x x 1.39697 x x x x x x x x x x x x x x x x x x x x x x x x x x x x x x x x x x x x x x x x x x x x x x x x x x x x x x x x x x x x x x x x x x x x x x x x x x x x x x x x
885.11300 2501.84253 2582.16286 1444.92112 3135.40365 737.13026 1806.20404 1228.32773 1807.97346 420.38674 348.93124 1800.00112 3267.83263 2760.05689 402.22631 1162.01077 392.62197 817.66498 1074.81069 1648.17476 1 1215.02017 879.06884 711.41831 1810.47840 1836.15796 1754.45862 1138.56621 2464.29301 2665.35271 1671.49784 496.78970 3344.29201 2163.84682 1666.84913 465.96675 3146.30149 657.16742 2698.19237 2179.05760 3027.30541 1473.91487 2522.35229 2426.89782 705.08795 2445.59626 571.35717 2970.66324 745.06712 2426.50202 1637.74388 3027.40897 1034.56707 2231.70474 2018.50763 1432.21822 1714.30483 1372.41467 150.86419 1215.63030 1645.99454 1366.43479 674.44274 2170.25437 1555.77184 1522.77708 1415.72950 2253.98160 1979.45094 1370.75053 2983.12220 151.71356 2246.86204 66.00759 1083.66093 3368.20858 1252.62166 3002.80487 852.99708 1619.41348 1852.19924 2935.02863 2035.21843 447.59916 2332.04847 1674.05527 1708.90609 1103.95880 1644.18887 700.15785 698.72027 1027.18889 1102.43459 1152.91154 3178.14302 2943.92732 1316.80220 798.11028 738.24116 3025.33437 x x x x x x x x x x x x x x x x x x x x 4.39420 x x x x x x x x x x x x x x x x x x x x x x x x x x x x x x x x x x x x x x x x x x x x x x x x x x x x x x x x x x x x x x x x x x x x x x x x x x x x x x x
1329.53113 2896.74750 3551.54122 660.86686 3839.75339 937.24331 2740.22792 1276.91543 2724.37040 829.60775 1544.61291 2804.08738 3824.39382 3692.40790 1615.35756 70.17835 1606.45013 431.61326 587.55426 2652.60062 1215.02017 1 1950.85418 604.82230 2522.57052 842.32655 2797.79360 1745.16161 3392.11469 3474.10033 1442.50651 1624.27893 3916.86419 3105.36070 2754.44079 910.53227 3830.76560 700.25782 3426.18915 2565.29960 4001.32479 1394.92976 3530.71736 2929.52028 1845.35987 3412.46554 1434.12727 3848.70914 890.40947 2993.60152 2450.77887 3801.57297 324.58128 2569.52137 2991.46938 1075.60263 2649.05814 2047.75781 1295.64271 2291.72360 2372.74610 2431.53821 1079.75415 2595.04336 652.33428 549.18122 1871.73610 2938.71895 2533.17272 186.13168 3943.35138 1078.68671 2825.86289 1262.40129 820.95372 3913.51825 2257.49176 3769.23402 376.96950 1355.97715 2546.38019 3437.95943 3002.66016 767.52395 3060.12811 2723.72265 2569.07183 118.59596 1554.38252 709.18616 1761.14169 1144.00919 1740.64931 133.64506 3678.20134 3703.08440 859.62435 1846.20314 963.96785 3959.54670 x x x x x x x x x x x x x x x x x x x x x 3.95107 x x x x x x x x x x x x x x x x x x x x x x x x x x x x x x x x x x x x x x x x x x x x x x x x x x x x x x x x x x x x x x x x x x x x x x x x x x x x x x
882.22050 1921.43333 1703.46970 1928.37471 2328.64468 1110.78577 942.25104 1295.39068 950.85331 1136.55489 569.01407 921.09175 2531.76382 1884.42565 606.92340 1885.91014 619.31738 1624.76645 1583.62244 769.79609 879.06884 1950.85418 1 1560.37496 1083.28852 2345.12474 878.42872 749.09613 1591.31959 1825.86775 1739.56921 383.37711 2596.65112 1291.03564 808.28214 1344.62524 2348.48740 1521.93463 1894.11827 1647.98363 2148.23836 1510.63464 1644.31172 1778.34671 220.80988 1567.34841 537.62906 2104.02900 1151.82335 1733.89562 856.97667 2193.43408 1683.07963 1729.36984 1141.47493 1676.77221 853.15006 785.49349 926.88404 345.32450 934.13704 493.04159 955.58622 1610.97549 2069.13413 2080.68644 1029.89127 1498.80520 1350.29627 2066.95744 2104.34314 947.27452 1563.50409 879.72099 1458.52838 2634.44056 382.23685 2172.45691 1575.31268 1729.43980 1132.85658 2246.66532 1158.85807 1239.89718 1545.28704 798.91240 887.39282 1832.30484 1621.66983 1266.81531 191.63508 1180.85775 702.28485 1926.24013 2478.32868 2117.98065 1674.13322 107.93518 1612.04281 2148.45480 x x x x x x x x x x x x x x x x x x x x x x 0.94655 x x x x x x x x x x x x x x x x x x x x x x x x x x x x x x x x x x x x x x x x x x x x x x x x x x x x x x x x x x x x x x x x x x x x x x x x x x x x x
1206.06676 2894.55559 3245.71981 1101.31059 3691.81691 843.28229 2447.78534 1350.98817 2442.02949 473.62539 1060.31742 2469.69635 3755.48693 3410.87233 1105.60120 578.07007 1094.65795 181.33947 819.49864 2316.19085 711.41831 604.82230 1560.37496 1 2348.33474 1399.29698 2437.87634 1588.45996 3110.97799 3263.86229 1676.66485 1190.53098 3840.61259 2813.07395 2363.64169 313.40231 3693.62763 96.04687 3260.49476 2558.45267 3695.14412 1549.19367 3199.37948 2873.87074 1408.01599 3107.22981 1120.20758 3601.44472 810.63001 2906.27254 2220.68301 3614.33384 603.67956 2586.74507 2678.62746 1337.21540 2354.73927 1875.11334 748.95395 1904.52646 2186.36183 2053.37674 917.98966 2569.92608 1156.21539 1079.50453 1799.09367 2788.63283 2441.19685 788.37873 3645.78909 613.94219 2728.72957 740.77055 979.40034 3851.53023 1914.37119 3586.04867 386.26417 1599.88001 2382.22292 3391.59152 2693.36111 338.91740 2888.96972 2358.90420 2315.87997 526.27465 1728.53147 612.41245 1370.60645 1159.03625 1567.82972 500.99203 3636.76849 3523.31776 1144.02274 1466.89605 397.33614 3678.58941 x x x x x x x x x x x x x x x x x x x x x x x 0.71094 x x x x x x x x x x x x x x x x x x x x x x x x x x x x x x x x x x x x x x x x x x x x x x x x x x x x x x x x x x x x x x x x x x x x x x x x x x x x
1194.02053 893.07112 1183.94300 2203.68624 1343.50141 1590.11353 555.79224 1355.05905 506.32007 1874.70985 1592.27040 767.60668 1464.17555 1254.77091 1661.00272 2452.43900 1672.00479 2340.53841 1981.89254 730.00275 1810.47840 2522.57052 1083.28852 2348.33474 1 2567.27483 885.13107 779.16431 980.20611 955.30363 1587.56072 1390.69192 1536.69679 774.49662 1023.00050 2231.70272 1346.73866 2345.56284 913.59182 710.72077 1594.48112 1417.23570 1242.41097 708.46666 1299.87116 1062.26222 1254.13118 1352.17751 1636.02477 650.75957 254.23022 1280.20663 2201.32802 812.86285 771.11414 1757.07855 535.72849 478.28235 1909.41249 963.75568 164.71188 909.47898 1462.84552 644.15217 2347.92888 2410.16888 706.20819 444.52785 347.00145 2569.43750 1521.87320 1809.02544 483.80266 1838.04925 1765.36145 1565.91731 780.86171 1248.88471 2198.36759 1632.33944 51.47816 1163.51752 764.23165 2011.27150 542.44079 884.29917 340.21171 2413.33152 1403.69834 1833.70255 1182.21234 1407.61111 789.51758 2552.32934 1397.05584 1183.73140 1881.41437 1098.59730 2528.21519 1505.96150 x x x x x x x x x x x x x x x x x x x x x x x x 1.32568 x x x x x x x x x x x x x x x x x x x x x x x x x x x x x x x x x x x x x x x x x x x x x x x x x x x x x x x x x x x x x x x x x x x x x x x x x x x
1510.63862 2670.97062 3716.83105 417.06236 3765.13799 1238.99840 2931.31593 1216.00371 2902.39695 1416.40426 2102.42551 3050.37310 3639.88929 3816.03277 2198.40898 839.80296 2192.99340 1218.24957 780.18589 2911.95949 1836.15796 842.32655 2345.12474 1399.29698 2567.27483 1 3081.16878 1869.36702 3528.61334 3504.56689 1078.63480 2110.95524 3738.77641 3273.02079 3085.29578 1670.49126 3741.29457 1493.82764 3395.85189 2373.48690 4149.78193 1173.26937 3734.70174 2775.70406 2311.68446 3583.14235 1811.78394 3915.97396 1201.81572 2879.38119 2579.08841 3784.33311 825.10909 2343.63010 3195.29233 812.50293 2849.47803 2144.39037 1956.17689 2649.72547 2448.94631 2765.92481 1390.95400 2425.98105 283.34079 323.19964 1861.09915 2915.95491 2463.05705 669.16441 4080.99131 1684.59521 2737.58672 1896.98841 890.02080 3715.81876 2558.12921 3747.58070 1043.34847 1002.88385 2574.95049 3240.18596 3200.72649 1427.26628 3058.68371 3018.80722 2718.65924 882.16383 1255.82683 1148.95475 2177.36952 1217.86905 1886.55931 975.55370 3462.05215 3679.43584 702.15954 2237.86506 1786.11199 4071.99461 x x x x x x x x x x x x x x x x x x x x x x x x x 1.00327 x x x x x x x x x x x x x x x x x x x x x x x x x x x x x x x x x x x x x x x x x x x x x x x x x x x x x x x x x x x x x x x x x x x x x x x x x x
1571.55974 1737.33734 846.13239 2675.05552 1675.52411 1899.79895 345.68484 1904.64276 394.83289 2003.39712 1427.01718 136.48810 2008.75709 1046.56057 1436.02264 2730.45675 1449.06074 2495.53622 2366.34593 180.56856 1754.45862 2797.79360 878.42872 2437.87634 885.13107 3081.16878 1 1234.68944 778.05206 1124.93556 2265.78464 1257.74601 2047.41643 503.84324 178.21617 2220.41664 1714.15811 2400.36332 1284.37418 1594.80940 1279.63003 2055.00609 769.01626 1510.20132 1057.01184 717.68100 1363.84531 1299.02464 1945.37915 1394.10797 671.25257 1482.08638 2509.82152 1697.46312 335.40723 2323.76291 349.59406 1024.64483 1788.12333 539.33479 857.42231 388.28985 1743.70239 1525.65692 2821.48916 2853.28321 1369.00147 1079.37853 1230.48812 2897.42680 1242.33370 1825.48406 1280.43509 1749.99487 2198.62367 2108.30597 540.77353 1471.80570 2427.70036 2285.96261 927.37103 1836.78198 358.45363 2113.52077 1035.77267 81.15418 546.79522 2679.52422 2102.25642 2094.77828 1067.27926 1864.20011 1208.19577 2785.06374 2025.08470 1432.24754 2381.40569 971.39334 2480.04537 1299.72036 x x x x x x x x x x x x x x x x x x x x x x x x x x 0.66225 x x x x x x x x x x x x x x x x x x x x x x x x x x x x x x x x x x x x x x x x x x x x x x x x x x x x x x x x x x x x x x x x x x x x x x x x x
415.63687 1363.36533 1855.77640 1478.04872 2113.82711 811.00556 1062.01508 670.85767 1033.99276 1117.59475 1026.07798 1188.35391 2170.08042 1972.45660 1125.43015 1674.98777 1132.68576 1567.84343 1218.76045 1058.18572 1138.56621 1745.16161 749.09613 1588.45996 779.16431 1869.36702 1234.68944 1 1676.96662 1728.96328 1049.91524 851.11516 2253.62465 1408.70722 1272.53017 1508.47208 2111.60982 1595.18339 1689.89261 1041.67414 2296.85895 829.40220 1866.15327 1300.96350 885.26833 1719.86628 571.34929 2109.25983 857.02860 1320.48212 721.67168 2059.36933 1425.59813 1099.13831 1325.93364 1091.14620 980.39687 302.59710 1265.10119 911.41210 627.61534 981.90072 685.93004 1031.72139 1625.06401 1673.48649 300.84715 1208.02153 858.51792 1799.19983 2232.25828 1099.24430 1141.85814 1181.68186 1015.33247 2267.42234 760.48538 2027.97881 1419.60735 1060.06274 806.31074 1816.15033 1331.54235 1256.95665 1320.24734 1181.79018 854.78478 1634.95934 905.28450 1054.88294 709.66261 659.69691 47.67600 1773.17626 2061.20985 1962.63115 1167.58769 683.69658 1808.17948 2235.89826 x x x x x x x x x x x x x x x x x x x x x x x x x x x 1.06710 x x x x x x x x x x x x x x x x x x x x x x x x x x x x x x x x x x x x x x x x x x x x x x x x x x x x x x x x x x x x x x x x x x x x x x x x
2080.50404 1500.96637 214.02104 3149.95636 972.74869 2458.47291 663.19304 2312.64633 671.25257 2651.64950 2158.99167 685.81048 1397.14066 301.04154 2183.24942 3322.44143 2196.17942 3142.60848 2893.12185 827.37417 2464.29301 3392.11469 1591.31959 3110.97799 980.20611 3528.61334 778.05206 1676.96662 1 440.51902 2567.75253 1973.44877 1409.06956 300.50126 937.84968 2926.05965 1025.22242 3086.03646 683.63295 1517.10515 621.34211 2394.00189 337.92456 1244.43763 1793.98803 148.40823 1995.23959 522.01534 2505.54686 1086.10314 955.42086 742.64730 3082.36809 1614.30915 456.17651 2724.45610 756.23873 1386.96000 2518.16204 1282.53227 1080.94867 1137.62033 2312.41801 1436.67395 3296.29156 3349.19364 1676.24880 808.01300 1210.75267 3464.41930 555.29633 2512.74055 1074.72835 2469.58479 2692.19410 1485.89940 1212.05488 742.05459 3039.49602 2611.67380 986.22209 1355.37782 436.32328 2775.34233 670.23131 854.16217 825.68034 3276.91823 2383.80390 2684.00690 1765.64154 2335.39569 1670.18862 3400.61245 1477.34933 719.61102 2832.82545 1666.23409 3201.24039 569.17134 x x x x x x x x x x x x x x x x x x x x x x x x x x x x 1.48328 x x x x x x x x x x x x x x x x x x x x x x x x x x x x x x x x x x x x x x x x x x x x x x x x x x x x x x x x x x x x x x x x x x x x x x x
2144.57456 1190.74473 592.08446 3152.29981 553.16635 2538.56102 894.87989 2301.66723 878.08030 2792.85518 2390.68401 1005.19900 956.62167 482.37435 2432.38259 3403.92392 2444.88958 3271.96349 2937.19544 1116.93555 2665.35271 3474.10033 1825.86775 3263.86229 955.30363 3504.56689 1124.93556 1728.96328 440.51902 1 2482.34165 2194.17799 970.16391 625.16079 1299.58033 3113.60403 597.81771 3251.09829 261.23745 1291.17506 793.80162 2337.77887 754.53960 944.25633 2042.10725 585.74569 2146.54374 427.12645 2584.97583 783.60004 1043.19702 368.63533 3154.24350 1375.91316 790.86915 2692.06427 977.58070 1426.37058 2739.56001 1560.66974 1101.35599 1430.82530 2405.15156 1213.40555 3295.12444 3361.02441 1650.23424 601.83886 1061.70100 3524.34761 711.13783 2691.15292 838.50463 2680.53167 2720.00773 1045.78106 1446.56975 351.57362 3142.15293 2538.38631 938.04319 941.76006 767.56564 2924.94548 450.87139 1189.92858 956.66348 3363.45211 2294.62547 2778.52480 1979.44665 2362.62948 1734.41317 3499.20964 1042.92666 307.41667 2828.69317 1882.17561 3401.47690 643.69326 x x x x x x x x x x x x x x x x x x x x x x x x x x x x x 3.57499 x x x x x x x x x x x x x x x x x x x x x x x x x x x x x x x x x x x x x x x x x x x x x x x x x x x x x x x x x x x x x x x x x x x x x x
