96
0 1 2 3 4 5 6 7 8 9 10 11 12 13 14 15 16 17 18 19 20 21 22 23 24 25 26 27 28 29 30 31 32 33 34 35 36 37 38 39 40 41 42 43 44 45 46 47 48 49 50 51 52 53 54 55 56 57 58 59 60 61 62 63 64 65 66 67 68 69 70 71 72 73 74 75 76 77 78 79 80 81 82 83 84 85 86 87 88 89 90 91 92 93 94 95 
0
2000000000.0 94533.063 24086.98404 127250.04204 73139.82499 62590.4178 48270.44645 11246.08376 9241.64488 113070.06677 34247.13127 32071.32676 47343.95421 44007.30848 25788.90459 20077.69907 76653.74094 45151.97892 68378.07836 45339.69563 59120.40934 14399.13886 33986.26782 105563.13182 51557.69584 121509.32475 69293.56969 53073.65825 72492.91827 62298.42053 31463.15305 79001.3291 34947.18301 42824.76386 135084.69936 47642.30053 66117.9189 20578.09515 70585.76627 16486.27308 43740.00457 96387.92455 69779.74491 38938.00714 136686.36362 30834.58448 47570.68845 74861.58427 20.0 x x x x x x x x x x x x x x x x x x x x x x x x x x x x x x x x x x x x x x x x x x x x x x x 
94533.063 2000000000.0 71748.4634 40233.24496 36828.01651 139535.41343 130000.05538 103737.33754 100554.16451 46536.70379 82956.47292 94454.86753 72698.34936 62482.84885 98122.21971 78593.02005 149255.70006 126742.00724 144846.63614 102091.11617 80858.84244 80427.41821 73524.79854 57251.72836 62118.66064 36983.13129 143457.54076 132580.09655 24063.68218 136261.77307 120011.70776 68938.14329 105044.40585 53111.08735 62451.69653 125468.06127 143655.2345 112438.49341 61682.28919 91260.21915 55101.37566 31818.04519 140534.02435 123713.56757 69424.16006 109214.95319 87781.10959 41745.53389 x 20.0 x x x x x x x x x x x x x x x x x x x x x x x x x x x x x x x x x x x x x x x x x x x x x x 
24086.98404 71748.4634 2000000000.0 103240.55405 49157.31482 73547.91635 61407.20805 34839.98278 28871.7509 89239.78709 23672.49881 30399.22367 29943.11941 22054.88608 30017.12844 19004.77835 85949.19662 58048.87596 79327.68747 43375.88731 44177.97641 13032.83546 16542.36984 82715.98153 30345.5631 97459.22019 79061.1156 65061.10974 48919.66067 71605.60872 48811.28558 59192.5198 39303.01261 18985.8895 111273.20073 58301.11148 77555.3093 40691.24722 49639.26269 20538.76335 27897.53394 72338.15314 77815.48689 53705.36658 113204.0706 40459.80722 37323.34926 51199.11327 x x 20.0 x x x x x x x x x x x x x x x x x x x x x x x x x x x x x x x x x x x x x x x x x x x x x 
127250.04204 40233.24496 103240.55405 2000000000.0 55973.458 161274.34762 154535.70332 137545.37433 131606.90711 28034.15774 107312.09438 118919.75109 93579.72857 87540.06397 124495.59028 114171.83541 168339.83367 151545.00586 165907.78764 122698.65688 96028.13754 114126.87852 99637.51302 46436.39952 83546.86589 6396.9055 163712.18647 155998.97436 55546.02056 157160.58793 148159.82721 75258.57293 129211.22087 84442.40167 28520.23142 149014.43286 165259.59821 142607.8399 73367.65772 120218.69405 92745.79667 33616.71608 159734.78644 150032.08723 37523.89106 135156.11714 107198.0317 56875.6011 x x x 20.0 x x x x x x x x x x x x x x x x x x x x x x x x x x x x x x x x x x x x x x x x x x x x 
73139.82499 36828.01651 49157.31482 55973.458 2000000000.0 106589.44038 98918.68378 83997.29758 76472.05241 40223.99781 51452.65785 63122.38905 38461.80443 31583.4197 68526.62548 63564.92744 114966.84913 95856.80153 111539.6629 68164.54504 44445.13922 61317.26347 43685.84668 37185.08303 28002.20706 49802.38147 109705.7045 100686.14602 17861.34373 102808.45101 92210.6675 33379.57459 73539.58662 31796.80487 62240.38882 93624.31522 110654.05731 87031.25875 25026.61783 64531.54887 48511.54502 23368.19206 106241.66603 94111.32557 64814.22066 79234.90645 53019.26065 6075.68926 x x x x 20.0 x x x x x x x x x x x x x x x x x x x x x x x x x x x x x x x x x x x x x x x x x x x 
62590.4178 139535.41343 73547.91635 161274.34762 106589.44038 2000000000.0 14856.50026 64167.74579 53383.25206 138565.93665 56602.13424 45313.9537 68130.05211 77063.46735 43546.50847 81509.56263 14520.12397 17603.86321 5851.52971 38584.31287 66186.24026 73430.65572 66282.59802 123967.45702 78636.11638 154897.11811 7297.3968 9633.64936 115479.11499 5209.22259 33163.94428 90255.58819 34919.04351 88606.0946 158188.22839 15370.63434 4122.37795 44490.23264 88681.49074 53605.58926 101045.0454 127663.91033 10992.08806 24460.26983 156083.4751 33393.56824 54077.45926 104599.19885 x x x x x 20.0 x x x x x x x x x x x x x x x x x x x x x x x x x x x x x x x x x x x x x x x x x x 
48270.44645 130000.05538 61407.20805 154535.70332 98918.68378 14856.50026 2000000000.0 49345.99477 39029.14808 133451.7291 47594.64256 35887.07288 61009.6812 68097.81788 32063.46831 67626.51847 29369.83487 3358.39247 20389.50711 33603.29746 62188.4523 59859.90311 56529.75146 120176.9512 71021.10109 148224.83463 22062.93725 5338.50166 105993.23752 16406.59623 18308.5663 86949.42208 25380.76437 77798.58353 153951.291 6620.9969 17981.79079 29661.72618 83681.99328 40962.25091 88284.81183 121014.47517 24374.88872 9625.487 152683.42281 21066.41877 48630.47604 97672.05537 x x x x x x 20.0 x x x x x x x x x x x x x x x x x x x x x x x x x x x x x x x x x x x x x x x x x 
11246.08376 103737.33754 34839.98278 137545.37433 83997.29758 64167.74579 49345.99477 2000000000.0 14357.96643 124047.36192 44808.27156 41008.29672 58396.29098 55232.95393 33733.95322 26075.00719 78625.11558 46606.83641 69728.37012 53370.68109 69724.38598 23493.48846 45182.97024 116780.31512 62803.4394 131904.12276 71256.44111 54540.05867 82398.75727 64783.37132 31167.21996 90132.72214 41631.45926 53158.43865 146075.68997 50221.15092 67278.34124 19684.56248 81811.20217 26379.72706 50875.4715 107149.24545 72620.61966 39720.91137 147807.29211 35695.31622 57572.56291 85904.22574 x x x x x x x 20.0 x x x x x x x x x x x x x x x x x x x x x x x x x x x x x x x x x x x x x x x x 
9241.64488 100554.16451 28871.7509 131606.90711 76472.05241 53383.25206 39029.14808 14357.96643 2000000000.0 115766.47529 32029.61754 26850.88453 46593.4974 45818.31948 19394.89624 29012.6662 67503.39251 35917.24377 59160.1217 39012.71588 56690.32016 22233.61419 34495.27504 106909.30923 52551.87913 125695.45736 60133.20214 43848.21547 77770.12794 53200.59022 22429.13284 78385.73595 27435.21824 47816.60381 137659.26921 38521.34992 56887.946 12213.3861 70842.16823 13500.05926 51786.46155 99840.23237 60762.22511 29709.5069 138665.38862 22234.61266 43906.71019 77508.38406 x x x x x x x x 20.0 x x x x x x x x x x x x x x x x x x x x x x x x x x x x x x x x x x x x x x x 
113070.06677 46536.70379 89239.78709 28034.15774 40223.99781 138565.93665 133451.7291 124047.36192 115766.47529 2000000000.0 87829.34589 98922.40393 72958.78563 70000.56 105465.02928 103642.51058 144312.47486 130686.15994 142793.10347 100421.28858 72404.53301 101531.94965 81783.26968 18428.68416 64132.84338 22616.96708 140264.24919 134260.44093 48728.11919 134125.98406 129536.08455 49506.46422 108631.4356 71961.7037 22034.60914 127504.34659 142414.34759 125660.53478 49939.09891 103194.33512 86358.34644 18727.69073 135892.19845 130134.86697 25357.70494 115454.1658 84972.96041 38279.86416 x x x x x x x x x 20.0 x x x x x x x x x x x x x x x x x x x x x x x x x x x x x x x x x x x x x x 
34247.13127 82956.47292 23672.49881 107312.09438 51452.65785 56602.13424 47594.64256 44808.27156 32029.61754 87829.34589 2000000000.0 11708.6293 15300.56208 20579.37803 17647.32274 40793.57793 67047.84262 44471.52797 61991.56394 20963.29173 24919.02085 32488.18247 10042.64905 76807.37985 23904.6188 101060.07916 60837.28462 49751.19697 58893.73821 53514.31958 41722.67489 46606.13693 22264.34818 32997.35747 109178.98149 42634.86367 60724.15335 39155.17846 39929.86351 18618.8077 50257.1189 74005.60249 58450.639 42738.13286 109168.97728 27876.08294 14215.38603 50671.17919 x x x x x x x x x x 20.0 x x x x x x x x x x x x x x x x x x x x x x x x x x x x x x x x x x x x x 
32071.32676 94454.86753 30399.22367 118919.75109 63122.38905 45313.9537 35887.07288 41008.29672 26850.88453 98922.40393 11708.6293 2000000000.0 25966.82499 32238.93919 8105.89909 44143.13084 56468.06177 32764.72493 50835.22007 13874.65315 31711.52472 35331.0798 20991.24579 87129.40261 35399.01129 112648.63071 49957.06957 38138.52645 70396.11637 42541.54675 31153.29838 55555.95378 10601.30181 43417.90414 120041.33455 31022.03733 49432.02606 30750.93495 50107.72795 15800.86074 58231.62371 85533.02286 48047.29753 31268.8727 119644.89124 16535.10206 17828.5277 62173.68254 x x x x x x x x x x x 20.0 x x x x x x x x x x x x x x x x x x x x x x x x x x x x x x x x x x x x 
47343.95421 72698.34936 29943.11941 93579.72857 38461.80443 68130.05211 61009.6812 58396.29098 46593.4974 72958.78563 15300.56208 25966.82499 2000000000.0 12917.53847 32820.4936 48919.63205 76783.13617 58084.7381 73089.19756 29748.31088 14597.99986 41914.77544 13930.01077 61519.27828 10641.52245 87249.49284 71324.12215 62435.4835 49057.37457 64366.26446 56836.78386 31828.80456 35818.43659 29584.9962 94106.86054 55435.68887 72192.45667 54404.02926 24635.81945 33104.35621 50986.26089 60017.0809 68047.3394 57187.53011 93920.00852 42501.58585 15106.25036 36705.92868 x x x x x x x x x x x x 20.0 x x x x x x x x x x x x x x x x x x x x x x x x x x x x x x x x x x x 
44007.30848 62482.84885 22054.88608 87540.06397 31583.4197 77063.46735 68097.81788 55232.95393 45818.31948 70000.56 20579.37803 32238.93919 12917.53847 2000000000.0 37041.21488 40501.75799 86971.72414 64932.34941 82364.4195 39938.05203 26804.45485 35058.49968 12102.52866 61558.15787 8376.01337 81385.03548 81023.21889 70330.52538 38445.10892 73792.79369 60627.535 37318.03317 42828.215 16740.19116 91851.36254 63214.02376 81181.52499 55756.90451 27588.54835 33240.22262 38627.21321 54719.54678 78283.38266 62744.64121 92928.54244 47899.0146 27011.53828 31834.38393 x x x x x x x x x x x x x 20.0 x x x x x x x x x x x x x x x x x x x x x x x x x x x x x x x x x x 
25788.90459 98122.21971 30017.12844 124495.59028 68526.62548 43546.50847 32063.46831 33733.95322 19394.89624 105465.02928 17647.32274 8105.89909 32820.4936 37041.21488 2000000000.0 40564.98983 56045.32808 28746.29715 49314.6023 19704.7507 39724.51132 31842.39313 25051.1876 94313.67239 41433.90399 118294.40054 49078.54929 35272.8791 74194.9567 41633.41927 24075.9465 63274.91762 9926.55026 45735.52667 126824.3904 28376.16606 47572.97132 22669.32729 57334.40503 11064.89946 57695.38283 91377.80256 48088.02346 25763.38487 126740.07732 11094.1426 25929.66641 68111.84038 x x x x x x x x x x x x x x 20.0 x x x x x x x x x x x x x x x x x x x x x x x x x x x x x x x x x 
20077.69907 78593.02005 19004.77835 114171.83541 63564.92744 81509.56263 67626.51847 26075.00719 29012.6662 103642.51058 40793.57793 44143.13084 48919.63205 40501.75799 40564.98983 2000000000.0 95178.23491 64399.58385 87351.1099 57987.97462 63015.47746 8820.81629 35290.97902 99189.26555 48877.02528 108848.87321 87907.23292 72182.26929 58625.82707 80678.60683 51432.55 77819.12361 50484.7581 31792.08707 125552.00516 66253.99912 85211.50392 40653.9051 67958.01351 29502.89477 24809.07092 85730.93024 87792.54866 58550.84628 128376.72375 48542.66577 54965.46188 66728.06006 x x x x x x x x x x x x x x x 20.0 x x x x x x x x x x x x x x x x x x x x x x x x x x x x x x x x 
76653.74094 149255.70006 85949.19662 168339.83367 114966.84913 14520.12397 29369.83487 78625.11558 67503.39251 144312.47486 67047.84262 56468.06177 76783.13617 86971.72414 56045.32808 95178.23491 2000000000.0 32018.97562 9532.30297 47166.30153 72328.71905 86896.66507 77018.82367 128650.08201 87424.16142 161942.92822 7385.41807 24100.69709 125327.63462 14515.71562 47678.27598 95063.34099 46683.38462 99812.23372 162956.15116 29022.70835 12160.95391 58962.90698 95032.95008 66609.31166 113732.69011 134909.22874 8735.81135 38953.45428 160081.56046 46677.17644 61951.43905 112357.12349 x x x x x x x x x x x x x x x x 20.0 x x x x x x x x x x x x x x x x x x x x x x x x x x x x x x x 
45151.97892 126742.00724 58048.87596 151545.00586 95856.80153 17603.86321 3358.39247 46606.83641 35917.24377 130686.15994 44471.52797 32764.72493 58084.7381 64932.34941 28746.29715 64399.58385 32018.97562 2000000000.0 23294.54013 31245.38366 59743.72603 56578.16186 53305.28304 117621.77009 68005.43802 145245.20646 24650.27383 7978.0198 102747.80971 18451.62323 15867.07282 84532.39379 22335.48746 74476.78833 151296.52607 5710.23642 20976.41533 26956.37958 81002.72835 37605.88252 84942.40166 118055.16846 26431.83686 7082.65487 150156.85133 17724.94288 46021.52974 94700.84477 x x x x x x x x x x x x x x x x x 20.0 x x x x x x x x x x x x x x x x x x x x x x x x x x x x x x 
68378.07836 144846.63614 79327.68747 165907.78764 111539.6629 5851.52971 20389.50711 69728.37012 59160.1217 142793.10347 61991.56394 50835.22007 73089.19756 82364.4195 49314.6023 87351.1099 9532.30297 23294.54013 2000000000.0 43388.79118 70396.92323 79281.59938 71757.28534 127845.5271 83655.06799 159520.95536 4027.15781 15323.77238 120805.81774 8751.89122 38621.51214 94114.5961 40537.07439 94201.91293 162128.01115 21216.89893 2629.37255 50044.14451 93022.0189 59438.25368 106864.20916 132323.19827 9701.13395 30013.23042 159774.20693 39235.31572 58765.4116 109377.5882 x x x x x x x x x x x x x x x x x x 20.0 x x x x x x x x x x x x x x x x x x x x x x x x x x x x x 
45339.69563 102091.11617 43375.88731 122698.65688 68164.54504 38584.31287 33603.29746 53370.68109 39012.71588 100421.28858 20963.29173 13874.65315 29748.31088 39938.05203 19704.7507 57987.97462 47166.30153 31245.38366 43388.79118 2000000000.0 28598.97201 49184.55855 30938.92047 86655.16257 40362.21005 116324.80389 41576.86376 33877.9043 78186.32617 34648.68829 36241.55074 53346.26885 13072.4137 53862.91117 120578.8605 27310.27645 42596.71349 39802.27632 50489.12754 29469.42144 70825.04077 89084.94822 38442.91352 32818.07429 119122.33208 21403.4857 15531.05277 66025.11643 x x x x x x x x x x x x x x x x x x x 20.0 x x x x x x x x x x x x x x x x x x x x x x x x x x x x 
59120.40934 80858.84244 44177.97641 96028.13754 44445.13922 66186.24026 62188.4523 69724.38598 56690.32016 72404.53301 24919.02085 31711.52472 14597.99986 26804.45485 39724.51132 63015.47746 72328.71905 59743.72603 70396.92323 28598.97201 2000000000.0 55573.39291 27724.53787 58089.93028 21233.79382 89631.76446 67940.22078 62372.77611 58423.9848 61721.73037 62284.72686 24793.06355 39057.21444 43491.91189 92132.5328 55904.65097 70014.04716 62379.18242 22712.12011 43449.74108 65355.78016 62704.03177 63762.39958 60575.82356 90527.29533 47084.40081 14214.42929 40831.01272 x x x x x x x x x x x x x x x x x x x x 20.0 x x x x x x x x x x x x x x x x x x x x x x x x x x x 
14399.13886 80427.41821 13032.83546 114126.87852 61317.26347 73430.65572 59859.90311 23493.48846 22233.61419 101531.94965 32488.18247 35331.0798 41914.77544 35058.49968 31842.39313 8820.81629 86896.66507 56578.16186 79281.59938 49184.55855 55573.39291 2000000000.0 28019.90721 95602.56273 43300.71593 108539.93182 79676.33777 64237.8113 58907.01826 72381.81263 44472.98956 72040.99111 41768.85921 29911.82375 123556.17346 58100.49914 77211.7763 34366.47785 62621.56178 20780.0385 29572.66305 84201.91447 79363.87591 51049.40744 125781.77451 40220.01989 46703.14765 63769.29669 x x x x x x x x x x x x x x x x x x x x x 20.0 x x x x x x x x x x x x x x x x x x x x x x x x x x 
33986.26782 73524.79854 16542.36984 99637.51302 43685.84668 66282.59802 56529.75146 45182.97024 34495.27504 81783.26968 10042.64905 20991.24579 13930.01077 12102.52866 25051.1876 35290.97902 77018.82367 53305.28304 71757.28534 30938.92047 27724.53787 28019.90721 2000000000.0 72414.0456 18058.39417 93487.00872 70723.41903 59063.91453 49485.1897 63360.50821 48525.77459 45074.36078 31544.31803 22956.80291 103522.23336 51956.94371 70403.23288 43877.525 36659.69994 21460.59645 41063.6579 66794.78423 68447.49813 50806.88536 104249.23405 36018.80065 21521.82148 43783.90572 x x x x x x x x x x x x x x x x x x x x x x 20.0 x x x x x x x x x x x x x x x x x x x x x x x x x 
105563.13182 57251.72836 82715.98153 46436.39952 37185.08303 123967.45702 120176.9512 116780.31512 106909.30923 18428.68416 76807.37985 87129.40261 61519.27828 61558.15787 94313.67239 99189.26555 128650.08201 117621.77009 127845.5271 86655.16257 58089.93028 95602.56273 72414.0456 2000000000.0 54359.70934 40834.16707 125076.27113 120462.52197 51376.045 119309.29553 118240.10825 33731.64686 96136.03903 67663.71553 34314.71405 113963.37131 127678.40381 115732.97888 37022.16093 93734.34803 85695.89255 25437.68071 120427.08831 117834.24969 32568.80716 103545.41419 71605.32103 32764.54791 x x x x x x x x x x x x x x x x x x x x x x x 20.0 x x x x x x x x x x x x x x x x x x x x x x x x 
51557.69584 62118.66064 30345.5631 83546.86589 28002.20706 78636.11638 71021.10109 62803.4394 52551.87913 64132.84338 23904.6188 35399.01129 10641.52245 8376.01337 41433.90399 48877.02528 87424.16142 68005.43802 83655.06799 40362.21005 21233.79382 43300.71593 18058.39417 54359.70934 2000000000.0 77261.32279 81937.813 72693.98049 38622.56335 74944.99583 65464.75388 28942.23903 45669.95511 23272.10347 85706.22381 65642.45577 82712.88654 61719.71808 19332.64596 39457.64818 45698.17502 50135.37673 78688.39304 66614.39184 86231.14287 51769.64748 25666.94372 26781.0082 x x x x x x x x x x x x x x x x x x x x x x x x 20.0 x x x x x x x x x x x x x x x x x x x x x x x 
121509.32475 36983.13129 97459.22019 6396.9055 49802.38147 154897.11811 148224.83463 131904.12276 125695.45736 22616.96708 101060.07916 112648.63071 87249.49284 81385.03548 118294.40054 108848.87321 161942.92822 145245.20646 159520.95536 116324.80389 89631.76446 108539.93182 93487.00872 40834.16707 77261.32279 2000000000.0 157319.25375 149656.38109 50289.17975 150774.43948 142012.56987 68964.63152 122914.42552 78753.6742 27489.66351 142679.86263 158879.18681 136602.68372 66974.05468 114175.05332 87922.8207 27254.72436 153338.15442 143791.30015 35950.66063 128917.94755 100819.84725 50553.73379 x x x x x x x x x x x x x x x x x x x x x x x x x 20.0 x x x x x x x x x x x x x x x x x x x x x x 
69293.56969 143457.54076 79061.1156 163712.18647 109705.7045 7297.3968 22062.93725 71256.44111 60133.20214 140264.24919 60837.28462 49957.06957 71324.12215 81023.21889 49078.54929 87907.23292 7385.41807 24650.27383 4027.15781 41576.86376 67940.22078 79676.33777 70723.41903 125076.27113 81937.813 157319.25375 2000000000.0 16762.33874 119456.85916 7461.31356 40360.49554 91363.66017 39919.70441 93373.33667 159382.09812 21687.31426 6100.0 51603.07743 90627.01805 59506.34252 106766.92559 130170.38219 5728.0014 31613.38957 156868.70179 39465.32655 56757.80475 107361.35804 x x x x x x x x x x x x x x x x x x x x x x x x x x 20.0 x x x x x x x x x x x x x x x x x x x x x 
53073.65825 132580.09655 65061.10974 155998.97436 100686.14602 9633.64936 5338.50166 54540.05867 43848.21547 134260.44093 49751.19697 38138.52645 62435.4835 70330.52538 35272.8791 72182.26929 24100.69709 7978.0198 15323.77238 33877.9043 62372.77611 64237.8113 59063.91453 120462.52197 72693.98049 149656.38109 16762.33874 2000000000.0 108526.71745 11159.67741 23600.13559 86977.22001 27539.70951 80864.27641 154448.11297 7117.66816 13051.23749 34867.57806 84347.73974 44813.46226 92274.41032 122406.48512 19087.63998 14853.79413 152864.62769 24616.25479 49288.80197 99135.95715 x x x x x x x x x x x x x x x x x x x x x x x x x x x 20.0 x x x x x x x x x x x x x x x x x x x x 
72492.91827 24063.68218 48919.66067 55546.02056 17861.34373 115479.11499 105993.23752 82398.75727 77770.12794 48728.11919 58893.73821 70396.11637 49057.37457 38445.10892 74194.9567 58625.82707 125327.63462 102747.80971 120805.81774 78186.32617 58423.9848 58907.01826 49485.1897 51376.045 38622.56335 50289.17975 119456.85916 108526.71745 2000000000.0 112237.47146 96460.24881 50998.13722 80988.61648 29954.1316 69510.62077 101413.15497 119599.57525 89398.81207 41912.18439 67747.9948 38201.15182 30007.26579 116617.42237 99862.93206 74071.01727 85278.52954 64162.50619 23919.13042 x x x x x x x x x x x x x x x x x x x x x x x x x x x x 20.0 x x x x x x x x x x x x x x x x x x x 
62298.42053 136261.77307 71605.60872 157160.58793 102808.45101 5209.22259 16406.59623 64783.37132 53200.59022 134125.98406 53514.31958 42541.54675 64366.26446 73792.79369 41633.41927 80678.60683 14515.71562 18451.62323 8751.89122 34648.68829 61721.73037 72381.81263 63360.50821 119309.29553 74944.99583 150774.43948 7461.31356 11159.67741 112237.47146 2000000000.0 34317.77382 85580.02103 32461.45406 85959.06002 153568.66998 14688.02233 8390.97134 45247.07283 84317.85813 52116.03208 99327.02553 123573.56513 7990.81973 25533.80504 151332.56622 32163.29585 50013.57016 100626.71017 x x x x x x x x x x x x x x x x x x x x x x x x x x x x x 20.0 x x x x x x x x x x x x x x x x x x 
31463.15305 120011.70776 48811.28558 148159.82721 92210.6675 33163.94428 18308.5663 31167.21996 22429.13284 129536.08455 41722.67489 31153.29838 56836.78386 60627.535 24075.9465 51432.55 47678.27598 15867.07282 38621.51214 36241.55074 62284.72686 44472.98956 48525.77459 118240.10825 65464.75388 142012.56987 40360.49554 23600.13559 96460.24881 34317.77382 2000000000.0 86588.71982 23584.27442 66919.58757 150894.27955 20442.04491 36141.52736 11552.62741 81221.93054 28751.57039 73849.90454 115244.89577 42293.39901 8789.53924 150720.73514 15251.33437 48076.80938 92057.29738 x x x x x x x x x x x x x x x x x x x x x x x x x x x x x x 20.0 x x x x x x x x x x x x x x x x x 
79001.3291 68938.14329 59192.5198 75258.57293 33379.57459 90255.58819 86949.42208 90132.72214 78385.73595 49506.46422 46606.13693 55555.95378 31828.80456 37318.03317 63274.91762 77819.12361 95063.34099 84532.39379 94114.5961 53346.26885 24793.06355 72040.99111 45074.36078 33731.64686 28942.23903 68964.63152 91363.66017 86977.22001 50998.13722 85580.02103 86588.71982 2000000000.0 63674.75167 50188.51661 68021.18788 80619.3153 93951.87917 85611.51792 10652.64286 64886.28823 72235.24071 43726.13406 86768.79854 85290.21515 65911.65603 71512.7625 38811.38493 27619.21795 x x x x x x x x x x x x x x x x x x x x x x x x x x x x x x x 20.0 x x x x x x x x x x x x x x x x 
34947.18301 105044.40585 39303.01261 129211.22087 73539.58662 34919.04351 25380.76437 41631.45926 27435.21824 108631.4356 22264.34818 10601.30181 35818.43659 42828.215 9926.55026 50484.7581 46683.38462 22335.48746 40537.07439 13072.4137 39057.21444 41768.85921 31544.31803 96136.03903 45669.95511 122914.42552 39919.70441 27539.70951 80988.61648 32461.45406 23584.27442 63674.75167 2000000000.0 53687.05244 129482.4436 20424.69094 39022.9676 26804.45485 59240.86427 20990.17866 67158.23107 95734.87557 38514.37134 21700.18433 128704.41329 8427.59752 24878.15106 72376.15629 x x x x x x x x x x x x x x x x x x x x x x x x x x x x x x x x 20.0 x x x x x x x x x x x x x x x 
42824.76386 53111.08735 18985.8895 84442.40167 31796.80487 88606.0946 77798.58353 53158.43865 47816.60381 71961.7037 32997.35747 43417.90414 29584.9962 16740.19116 45735.52667 31792.08707 99812.23372 74476.78833 94201.91293 53862.91117 43491.91189 29911.82375 22956.80291 67663.71553 23272.10347 78753.6742 93373.33667 80864.27641 29954.1316 85959.06002 66919.58757 50188.51661 53687.05244 2000000000.0 93933.05914 73840.80444 92708.84532 59480.3228 39615.84027 38176.10771 22463.24108 54348.89143 91295.09297 70940.76966 96594.17788 56771.91559 42785.64713 35018.62933 x x x x x x x x x x x x x x x x x x x x x x x x x x x x x x x x x 20.0 x x x x x x x x x x x x x x 
135084.69936 62451.69653 111273.20073 28520.23142 62240.38882 158188.22839 153951.291 146075.68997 137659.26921 22034.60914 109178.98149 120041.33455 94106.86054 91851.36254 126824.3904 125552.00516 162956.15116 151296.52607 162128.01115 120578.8605 92132.5328 123556.17346 103522.23336 34314.71405 85706.22381 27489.66351 159382.09812 154448.11297 69510.62077 153568.66998 150894.27955 68021.18788 129482.4436 93933.05914 2000000000.0 147842.61091 161928.08527 147381.06391 70297.33992 124970.50052 107575.49907 40010.28868 154741.76941 151111.51511 9203.67318 136567.03116 105322.37749 60249.73361 x x x x x x x x x x x x x x x x x x x x x x x x x x x x x x x x x x 20.0 x x x x x x x x x x x x x 
47642.30053 125468.06127 58301.11148 149014.43286 93624.31522 15370.63434 6620.9969 50221.15092 38521.34992 127504.34659 42634.86367 31022.03733 55435.68887 63214.02376 28376.16606 66253.99912 29022.70835 5710.23642 21216.89893 27310.27645 55904.65097 58100.49914 51956.94371 113963.37131 65642.45577 142679.86263 21687.31426 7117.66816 101413.15497 14688.02233 20442.04491 80619.3153 20424.69094 73840.80444 147842.61091 2000000000.0 19287.84073 30834.79204 77640.70067 38247.95419 85705.28572 115437.12401 22409.14099 11995.3491 146431.21662 18025.28224 42555.42269 92141.61709 x x x x x x x x x x x x x x x x x x x x x x x x x x x x x x x x x x x 20.0 x x x x x x x x x x x x 
66117.9189 143655.2345 77555.3093 165259.59821 110654.05731 4122.37795 17981.79079 67278.34124 56887.946 142414.34759 60724.15335 49432.02606 72192.45667 81181.52499 47572.97132 85211.50392 12160.95391 20976.41533 2629.37255 42596.71349 70014.04716 77211.7763 70403.23288 127678.40381 82712.88654 158879.18681 6100.0 13051.23749 119599.57525 8390.97134 36141.52736 93951.87917 39022.9676 92708.84532 161928.08527 19287.84073 2000000000.0 47598.74368 92563.57815 57531.49051 104992.86452 131654.68773 11397.19264 27588.00464 159719.83596 37301.09382 58063.75117 108621.41594 x x x x x x x x x x x x x x x x x x x x x x x x x x x x x x x x x x x x 20.0 x x x x x x x x x x x 
20578.09515 112438.49341 40691.24722 142607.8399 87031.25875 44490.23264 29661.72618 19684.56248 12213.3861 125660.53478 39155.17846 30750.93495 54404.02926 55756.90451 22669.32729 40653.9051 58962.90698 26956.37958 50044.14451 39802.27632 62379.18242 34366.47785 43877.525 115732.97888 61719.71808 136602.68372 51603.07743 34867.57806 89398.81207 45247.07283 11552.62741 85611.51792 26804.45485 59480.3228 147381.06391 30834.79204 47598.74368 2000000000.0 79030.8522 22525.73639 63938.92398 110348.90303 53147.2257 20037.10558 147892.59346 19007.64057 48575.89937 87588.50381 x x x x x x x x x x x x x x x x x x x x x x x x x x x x x x x x x x x x x 20.0 x x x x x x x x x x 
70585.76627 61682.28919 49639.26269 73367.65772 25026.61783 88681.49074 83681.99328 81811.20217 70842.16823 49939.09891 39929.86351 50107.72795 24635.81945 27588.54835 57334.40503 67958.01351 95032.95008 81002.72835 93022.0189 50489.12754 22712.12011 62621.56178 36659.69994 37022.16093 19332.64596 66974.05468 90627.01805 84347.73974 41912.18439 84317.85813 81221.93054 10652.64286 59240.86427 39615.84027 70297.33992 77640.70067 92563.57815 79030.8522 2000000000.0 57442.16222 61591.30458 40230.45612 86474.31064 80916.56196 69547.35078 66540.88968 35085.27896 19992.89874 x x x x x x x x x x x x x x x x x x x x x x x x x x x x x x x x x x x x x x 20.0 x x x x x x x x x 
16486.27308 91260.21915 20538.76335 120218.69405 64531.54887 53605.58926 40962.25091 26379.72706 13500.05926 103194.33512 18618.8077 15800.86074 33104.35621 33240.22262 11064.89946 29502.89477 66609.31166 37605.88252 59438.25368 29469.42144 43449.74108 20780.0385 21460.59645 93734.34803 39457.64818 114175.05332 59506.34252 44813.46226 67747.9948 52116.03208 28751.57039 64886.28823 20990.17866 38176.10771 124970.50052 38247.95419 57531.49051 22525.73639 57442.16222 2000000000.0 47471.34293 87832.52473 58848.20133 33175.05087 125686.59754 20233.23998 31244.35949 65074.58183 x x x x x x x x x x x x x x x x x x x x x x x x x x x x x x x x x x x x x x x 20.0 x x x x x x x x 
43740.00457 55101.37566 27897.53394 92745.79667 48511.54502 101045.0454 88284.81183 50875.4715 51786.46155 86358.34644 50257.1189 58231.62371 50986.26089 38627.21321 57695.38283 24809.07092 113732.69011 84942.40166 106864.20916 70825.04077 65355.78016 29572.66305 41063.6579 85695.89255 45698.17502 87922.8207 106766.92559 92274.41032 38201.15182 99327.02553 73849.90454 72235.24071 67158.23107 22463.24108 107575.49907 85705.28572 104992.86452 63938.92398 61591.30458 47471.34293 2000000000.0 67707.61257 105669.49607 79935.91683 111681.54906 67703.15502 62488.15568 53279.06906 x x x x x x x x x x x x x x x x x x x x x x x x x x x x x x x x x x x x x x x x 20.0 x x x x x x x 
96387.92455 31818.04519 72338.15314 33616.71608 23368.19206 127663.91033 121014.47517 107149.24545 99840.23237 18727.69073 74005.60249 85533.02286 60017.0809 54719.54678 91377.80256 85730.93024 134909.22874 118055.16846 132323.19827 89084.94822 62704.03177 84201.91447 66794.78423 25437.68071 50135.37673 27254.72436 130170.38219 122406.48512 30007.26579 123573.56513 115244.89577 43726.13406 95734.87557 54348.89143 40010.28868 115437.12401 131654.68773 110348.90303 40230.45612 87832.52473 67707.61257 2000000000.0 126271.76406 116739.96574 44083.03529 101881.61169 73590.98314 23363.03063 x x x x x x x x x x x x x x x x x x x x x x x x x x x x x x x x x x x x x x x x x 20.0 x x x x x x 
69779.74491 140534.02435 77815.48689 159734.78644 106241.66603 10992.08806 24374.88872 72620.61966 60762.22511 135892.19845 58450.639 48047.29753 68047.3394 78283.38266 48088.02346 87792.54866 8735.81135 26431.83686 9701.13395 38442.91352 63762.39958 79363.87591 68447.49813 120427.08831 78688.39304 153338.15442 5728.0014 19087.63998 116617.42237 7990.81973 42293.39901 86768.79854 38514.37134 91295.09297 154741.76941 22409.14099 11397.19264 53147.2257 86474.31064 58848.20133 105669.49607 126271.76406 2000000000.0 33514.42078 152045.55765 39276.27783 53223.70149 103664.64778 x x x x x x x x x x x x x x x x x x x x x x x x x x x x x x x x x x x x x x x x x x 20.0 x x x x x 
38938.00714 123713.56757 53705.36658 150032.08723 94111.32557 24460.26983 9625.487 39720.91137 29709.5069 130134.86697 42738.13286 31268.8727 57187.53011 62744.64121 25763.38487 58550.84628 38953.45428 7082.65487 30013.23042 32818.07429 60575.82356 51049.40744 50806.88536 117834.24969 66614.39184 143791.30015 31613.38957 14853.79413 99862.93206 25533.80504 8789.53924 85290.21515 21700.18433 70940.76966 151111.51511 11995.3491 27588.00464 20037.10558 80916.56196 33175.05087 79935.91683 116739.96574 33514.42078 2000000000.0 150402.08775 14877.09649 46481.55333 93394.65723 x x x x x x x x x x x x x x x x x x x x x x x x x x x x x x x x x x x x x x x x x x x 20.0 x x x x 
136686.36362 69424.16006 113204.0706 37523.89106 64814.22066 156083.4751 152683.42281 147807.29211 138665.38862 25357.70494 109168.97728 119644.89124 93920.00852 92928.54244 126740.07732 128376.72375 160081.56046 150156.85133 159774.20693 119122.33208 90527.29533 125781.77451 104249.23405 32568.80716 86231.14287 35950.66063 156868.70179 152864.62769 74071.01727 151332.56622 150720.73514 65911.65603 128704.41329 96594.17788 9203.67318 146431.21662 159719.83596 147892.59346 69547.35078 125686.59754 111681.54906 44083.03529 152045.55765 150402.08775 2000000000.0 136087.76286 104152.48245 62022.33469 x x x x x x x x x x x x x x x x x x x x x x x x x x x x x x x x x x x x x x x x x x x x 20.0 x x x 
30834.58448 109214.95319 40459.80722 135156.11714 79234.90645 33393.56824 21066.41877 35695.31622 22234.61266 115454.1658 27876.08294 16535.10206 42501.58585 47899.0146 11094.1426 48542.66577 46677.17644 17724.94288 39235.31572 21403.4857 47084.40081 40220.01989 36018.80065 103545.41419 51769.64748 128917.94755 39465.32655 24616.25479 85278.52954 32163.29585 15251.33437 71512.7625 8427.59752 56771.91559 136567.03116 18025.28224 37301.09382 19007.64057 66540.88968 20233.23998 67703.15502 101881.61169 39276.27783 14877.09649 136087.76286 2000000000.0 32870.10192 78544.90945 x x x x x x x x x x x x x x x x x x x x x x x x x x x x x x x x x x x x x x x x x x x x x 20.0 x x 
47570.68845 87781.10959 37323.34926 107198.0317 53019.26065 54077.45926 48630.47604 57572.56291 43906.71019 84972.96041 14215.38603 17828.5277 15106.25036 27011.53828 25929.66641 54965.46188 61951.43905 46021.52974 58765.4116 15531.05277 14214.42929 46703.14765 21521.82148 71605.32103 25666.94372 100819.84725 56757.80475 49288.80197 64162.50619 50013.57016 48076.80938 38811.38493 24878.15106 42785.64713 105322.37749 42555.42269 58063.75117 48575.89937 35085.27896 31244.35949 62488.15568 73590.98314 53223.70149 46481.55333 104152.48245 32870.10192 2000000000.0 50620.54919 x x x x x x x x x x x x x x x x x x x x x x x x x x x x x x x x x x x x x x x x x x x x x x 20.0 x 
74861.58427 41745.53389 51199.11327 56875.6011 6075.68926 104599.19885 97672.05537 85904.22574 77508.38406 38279.86416 50671.17919 62173.68254 36705.92868 31834.38393 68111.84038 66728.06006 112357.12349 94700.84477 109377.5882 66025.11643 40831.01272 63769.29669 43783.90572 32764.54791 26781.0082 50553.73379 107361.35804 99135.95715 23919.13042 100626.71017 92057.29738 27619.21795 72376.15629 35018.62933 60249.73361 92141.61709 108621.41594 87588.50381 19992.89874 65074.58183 53279.06906 23363.03063 103664.64778 93394.65723 62022.33469 78544.90945 50620.54919 2000000000.0 x x x x x x x x x x x x x x x x x x x x x x x x x x x x x x x x x x x x x x x x x x x x x x x 20.0 
20.0 x x x x x x x x x x x x x x x x x x x x x x x x x x x x x x x x x x x x x x x x x x x x x x x 20.0 x x x x x x x x x x x x x x x x x x x x x x x x x x x x x x x x x x x x x x x x x x x x x x x 
x 20.0 x x x x x x x x x x x x x x x x x x x x x x x x x x x x x x x x x x x x x x x x x x x x x x x 20.0 x x x x x x x x x x x x x x x x x x x x x x x x x x x x x x x x x x x x x x x x x x x x x x 
x x 20.0 x x x x x x x x x x x x x x x x x x x x x x x x x x x x x x x x x x x x x x x x x x x x x x x 20.0 x x x x x x x x x x x x x x x x x x x x x x x x x x x x x x x x x x x x x x x x x x x x x 
x x x 20.0 x x x x x x x x x x x x x x x x x x x x x x x x x x x x x x x x x x x x x x x x x x x x x x x 20.0 x x x x x x x x x x x x x x x x x x x x x x x x x x x x x x x x x x x x x x x x x x x x 
x x x x 20.0 x x x x x x x x x x x x x x x x x x x x x x x x x x x x x x x x x x x x x x x x x x x x x x x 20.0 x x x x x x x x x x x x x x x x x x x x x x x x x x x x x x x x x x x x x x x x x x x 
x x x x x 20.0 x x x x x x x x x x x x x x x x x x x x x x x x x x x x x x x x x x x x x x x x x x x x x x x 20.0 x x x x x x x x x x x x x x x x x x x x x x x x x x x x x x x x x x x x x x x x x x 
x x x x x x 20.0 x x x x x x x x x x x x x x x x x x x x x x x x x x x x x x x x x x x x x x x x x x x x x x x 20.0 x x x x x x x x x x x x x x x x x x x x x x x x x x x x x x x x x x x x x x x x x 
x x x x x x x 20.0 x x x x x x x x x x x x x x x x x x x x x x x x x x x x x x x x x x x x x x x x x x x x x x x 20.0 x x x x x x x x x x x x x x x x x x x x x x x x x x x x x x x x x x x x x x x x 
x x x x x x x x 20.0 x x x x x x x x x x x x x x x x x x x x x x x x x x x x x x x x x x x x x x x x x x x x x x x 20.0 x x x x x x x x x x x x x x x x x x x x x x x x x x x x x x x x x x x x x x x 
x x x x x x x x x 20.0 x x x x x x x x x x x x x x x x x x x x x x x x x x x x x x x x x x x x x x x x x x x x x x x 20.0 x x x x x x x x x x x x x x x x x x x x x x x x x x x x x x x x x x x x x x 
x x x x x x x x x x 20.0 x x x x x x x x x x x x x x x x x x x x x x x x x x x x x x x x x x x x x x x x x x x x x x x 20.0 x x x x x x x x x x x x x x x x x x x x x x x x x x x x x x x x x x x x x 
x x x x x x x x x x x 20.0 x x x x x x x x x x x x x x x x x x x x x x x x x x x x x x x x x x x x x x x x x x x x x x x 20.0 x x x x x x x x x x x x x x x x x x x x x x x x x x x x x x x x x x x x 
x x x x x x x x x x x x 20.0 x x x x x x x x x x x x x x x x x x x x x x x x x x x x x x x x x x x x x x x x x x x x x x x 20.0 x x x x x x x x x x x x x x x x x x x x x x x x x x x x x x x x x x x 
x x x x x x x x x x x x x 20.0 x x x x x x x x x x x x x x x x x x x x x x x x x x x x x x x x x x x x x x x x x x x x x x x 20.0 x x x x x x x x x x x x x x x x x x x x x x x x x x x x x x x x x x 
x x x x x x x x x x x x x x 20.0 x x x x x x x x x x x x x x x x x x x x x x x x x x x x x x x x x x x x x x x x x x x x x x x 20.0 x x x x x x x x x x x x x x x x x x x x x x x x x x x x x x x x x 
x x x x x x x x x x x x x x x 20.0 x x x x x x x x x x x x x x x x x x x x x x x x x x x x x x x x x x x x x x x x x x x x x x x 20.0 x x x x x x x x x x x x x x x x x x x x x x x x x x x x x x x x 
x x x x x x x x x x x x x x x x 20.0 x x x x x x x x x x x x x x x x x x x x x x x x x x x x x x x x x x x x x x x x x x x x x x x 20.0 x x x x x x x x x x x x x x x x x x x x x x x x x x x x x x x 
x x x x x x x x x x x x x x x x x 20.0 x x x x x x x x x x x x x x x x x x x x x x x x x x x x x x x x x x x x x x x x x x x x x x x 20.0 x x x x x x x x x x x x x x x x x x x x x x x x x x x x x x 
x x x x x x x x x x x x x x x x x x 20.0 x x x x x x x x x x x x x x x x x x x x x x x x x x x x x x x x x x x x x x x x x x x x x x x 20.0 x x x x x x x x x x x x x x x x x x x x x x x x x x x x x 
x x x x x x x x x x x x x x x x x x x 20.0 x x x x x x x x x x x x x x x x x x x x x x x x x x x x x x x x x x x x x x x x x x x x x x x 20.0 x x x x x x x x x x x x x x x x x x x x x x x x x x x x 
x x x x x x x x x x x x x x x x x x x x 20.0 x x x x x x x x x x x x x x x x x x x x x x x x x x x x x x x x x x x x x x x x x x x x x x x 20.0 x x x x x x x x x x x x x x x x x x x x x x x x x x x 
x x x x x x x x x x x x x x x x x x x x x 20.0 x x x x x x x x x x x x x x x x x x x x x x x x x x x x x x x x x x x x x x x x x x x x x x x 20.0 x x x x x x x x x x x x x x x x x x x x x x x x x x 
x x x x x x x x x x x x x x x x x x x x x x 20.0 x x x x x x x x x x x x x x x x x x x x x x x x x x x x x x x x x x x x x x x x x x x x x x x 20.0 x x x x x x x x x x x x x x x x x x x x x x x x x 
x x x x x x x x x x x x x x x x x x x x x x x 20.0 x x x x x x x x x x x x x x x x x x x x x x x x x x x x x x x x x x x x x x x x x x x x x x x 20.0 x x x x x x x x x x x x x x x x x x x x x x x x 
x x x x x x x x x x x x x x x x x x x x x x x x 20.0 x x x x x x x x x x x x x x x x x x x x x x x x x x x x x x x x x x x x x x x x x x x x x x x 20.0 x x x x x x x x x x x x x x x x x x x x x x x 
x x x x x x x x x x x x x x x x x x x x x x x x x 20.0 x x x x x x x x x x x x x x x x x x x x x x x x x x x x x x x x x x x x x x x x x x x x x x x 20.0 x x x x x x x x x x x x x x x x x x x x x x 
x x x x x x x x x x x x x x x x x x x x x x x x x x 20.0 x x x x x x x x x x x x x x x x x x x x x x x x x x x x x x x x x x x x x x x x x x x x x x x 20.0 x x x x x x x x x x x x x x x x x x x x x 
x x x x x x x x x x x x x x x x x x x x x x x x x x x 20.0 x x x x x x x x x x x x x x x x x x x x x x x x x x x x x x x x x x x x x x x x x x x x x x x 20.0 x x x x x x x x x x x x x x x x x x x x 
x x x x x x x x x x x x x x x x x x x x x x x x x x x x 20.0 x x x x x x x x x x x x x x x x x x x x x x x x x x x x x x x x x x x x x x x x x x x x x x x 20.0 x x x x x x x x x x x x x x x x x x x 
x x x x x x x x x x x x x x x x x x x x x x x x x x x x x 20.0 x x x x x x x x x x x x x x x x x x x x x x x x x x x x x x x x x x x x x x x x x x x x x x x 20.0 x x x x x x x x x x x x x x x x x x 
x x x x x x x x x x x x x x x x x x x x x x x x x x x x x x 20.0 x x x x x x x x x x x x x x x x x x x x x x x x x x x x x x x x x x x x x x x x x x x x x x x 20.0 x x x x x x x x x x x x x x x x x 
x x x x x x x x x x x x x x x x x x x x x x x x x x x x x x x 20.0 x x x x x x x x x x x x x x x x x x x x x x x x x x x x x x x x x x x x x x x x x x x x x x x 20.0 x x x x x x x x x x x x x x x x 
x x x x x x x x x x x x x x x x x x x x x x x x x x x x x x x x 20.0 x x x x x x x x x x x x x x x x x x x x x x x x x x x x x x x x x x x x x x x x x x x x x x x 20.0 x x x x x x x x x x x x x x x 
x x x x x x x x x x x x x x x x x x x x x x x x x x x x x x x x x 20.0 x x x x x x x x x x x x x x x x x x x x x x x x x x x x x x x x x x x x x x x x x x x x x x x 20.0 x x x x x x x x x x x x x x 
x x x x x x x x x x x x x x x x x x x x x x x x x x x x x x x x x x 20.0 x x x x x x x x x x x x x x x x x x x x x x x x x x x x x x x x x x x x x x x x x x x x x x x 20.0 x x x x x x x x x x x x x 
