140
0 1 2 3 4 5 6 7 8 9 10 11 12 13 14 15 16 17 18 19 20 21 22 23 24 25 26 27 28 29 30 31 32 33 34 35 36 37 38 39 40 41 42 43 44 45 46 47 48 49 50 51 52 53 54 55 56 57 58 59 60 61 62 63 64 65 66 67 68 69 70 71 72 73 74 75 76 77 78 79 80 81 82 83 84 85 86 87 88 89 90 91 92 93 94 95 96 97 98 99 100 101 102 103 104 105 106 107 108 109 110 111 112 113 114 115 116 117 118 119 120 121 122 123 124 125 126 127 128 129 130 131 132 133 134 135 136 137 138 139 
4
2000000000.0 1184.06085 1463.42069 1091.78757 662.41985 1066.77087 1285.76829 1608.22888 1610.58999 728.01103 1208.1391 1140.17547 291.20444 1760.00004 996.39354 172.04655 1311.03017 1122.85355 1360.58815 1900.42105 1281.40552 518.84491 170.88011 1020.78405 2107.88998 1626.40712 1868.15421 1680.23812 282.84275 1868.68942 393.95435 1371.86009 1202.83004 1292.74905 651.45994 84.85285 412.3106 372.02154 1904.20591 1791.08909 1177.11516 1200.1667 1321.96827 1578.35361 1958.87727 1980.10105 250.59932 1314.83843 1816.03969 609.59007 876.58432 837.3769 679.11711 1356.02364 1905.46586 1056.03034 876.58432 425.20587 524.97623 1004.19126 1753.28268 1559.74361 600.33328 1102.90529 980.81603 613.51451 1216.55255 1572.89546 429.41825 401.99506 20.00004 x x x x x x x x x x x x x 1016.39354 x x x x x x x x x x x x x 302.84275 x x x x x x x x x x x x x 1341.96827 x x x x x x x x x x x x x 896.58432 x x x x x x x x x x x x x 
1184.06085 2000000000.0 388.3298 170.88011 850.41171 447.21364 101.98043 440.45435 1049.95242 944.03394 1636.82624 1047.85499 1060.75449 697.71058 468.61502 1137.18956 803.99009 240.83193 260.00004 840.95188 1043.07242 684.68975 1013.90339 396.9887 1604.61837 442.71891 1166.19042 523.45013 1100.72707 876.58432 980.81603 260.76814 1241.93402 1063.01462 986.71175 1227.84368 1088.11768 845.93148 1494.52338 1271.37725 520.38451 345.25357 729.93154 700.00004 1456.02202 1293.21309 1019.80394 1601.12464 632.45557 1075.17444 1325.74511 994.78645 678.82255 1436.10589 734.30243 1458.90374 456.94643 1072.0075 740.27026 1103.08662 1305.06709 1504.79238 620.32254 1872.11115 1525.51635 572.71288 1515.38778 754.71853 941.91299 1102.90529 x 20.00004 x x x x x x x x x x x x x 1157.18956 x x x x x x x x x x x x x 896.58432 x x x x x x x x x x x x x 720.00004 x x x x x x x x x x x x x 1092.0075 x x x x x x x x x x x x 
1463.42069 388.3298 2000000000.0 384.70772 975.08978 456.50853 325.57645 233.23812 780.00004 1032.4728 1631.31853 976.52449 1391.68966 316.22781 856.03742 1381.01416 627.69423 340.58777 509.90199 461.7359 912.35962 1009.75248 1300.61528 784.09187 1295.22203 373.63087 828.73401 256.12501 1431.36303 488.26226 1325.74511 128.06252 1170.47003 930.37631 1363.08478 1520.52626 1271.37725 1166.19042 1222.62018 985.08887 424.26411 286.35646 538.51652 354.40094 1157.41094 950.78919 1259.36496 1553.31907 504.77722 1198.83281 1377.67925 1040.19233 841.18967 1342.38598 662.41985 1471.05408 841.18967 1252.5175 1086.83029 1089.77066 1040.19233 1353.51399 961.04114 1952.33198 1572.89546 885.66363 1484.04856 427.55121 1290.73626 1451.34424 x x 20.00004 x x x x x x x x x x x x x 647.69423 x x x x x x x x x x x x x 1345.74511 x x x x x x x x x x x x x 1177.41094 x x x x x x x x x x x x x 1106.83029 x x x x x x x x x x x 
1091.78757 170.88011 384.70772 2000000000.0 693.10898 280.71342 240.83193 519.23024 921.95449 781.02501 1467.10603 878.63535 1007.1743 698.57001 549.18125 1024.89028 655.13361 89.44276 430.81322 844.03795 880.22728 625.14002 925.41886 483.7355 1484.85694 566.03891 1068.26967 588.5576 1046.90023 850.88194 941.48822 280.71342 1072.0075 900.22223 992.97537 1144.3776 950.15792 782.30433 1360.14709 1145.42573 368.78182 216.33312 588.21769 624.82001 1332.81661 1196.32775 904.43356 1430.24477 751.79789 920.21741 1160.17244 826.8011 528.01519 1266.96492 872.00921 1289.96128 495.17678 932.95234 703.42026 932.309 1170.47003 1341.34265 577.23483 1712.65879 1360.14709 501.59749 1344.61895 664.83085 907.08328 1067.33317 x x x 20.00004 x x x x x x x x x x x x x 109.44276 x x x x x x x x x x x x x 300.71342 x x x x x x x x x x x x x 1216.32775 x x x x x x x x x x x x x 952.309 x x x x x x x x x x 
662.41985 850.41171 975.08978 693.10898 2000000000.0 520.00004 933.38099 1176.60533 950.78919 120.00004 839.52371 496.78973 781.02501 1222.62018 961.04114 512.64026 659.69694 672.01194 1100.00004 1349.37026 624.82001 572.71288 566.39213 936.80311 1448.44748 1252.5175 1214.57816 1225.88747 807.21748 1287.63353 799.24969 926.49883 609.26189 637.80879 1013.90339 744.3118 320.00004 608.27629 1249.63999 1128.71612 592.28376 688.76705 684.68975 983.25992 1297.9985 1322.57329 411.82525 860.00004 1432.20114 228.03513 493.9636 228.03513 178.88548 796.99439 1562.04998 655.13361 831.86541 300.00004 684.1053 404.96917 1092.88613 966.02281 622.8965 1021.76322 688.76705 520.00004 760.26315 960.00004 796.49235 900.00004 x x x x 20.00004 x x x x x x x x x x x x x 1120.00004 x x x x x x x x x x x x x 629.26189 x x x x x x x x x x x x x 431.82525 x x x x x x x x x x x x x 1112.88613 x x x x x x x x x 
1066.77087 447.21364 456.50853 280.71342 520.00004 2000000000.0 493.9636 668.43104 688.18606 576.88824 1214.90744 601.6644 1058.48953 710.21128 791.20166 960.20835 393.95435 208.80617 703.42026 843.80096 600.00004 699.71427 917.82355 733.75749 1253.63476 765.76763 880.90866 710.21128 1095.62771 802.24688 1020.00004 424.26411 796.99439 620.00004 1134.54841 1134.37211 824.62117 832.58637 1109.23401 909.72527 128.06252 172.04655 344.09305 514.19845 1098.36246 1006.5784 840.00004 1163.6151 933.80944 742.42849 933.38099 593.96974 401.99506 989.54539 1076.28996 1044.03069 707.10682 805.23293 804.48745 672.30949 921.30346 1060.75449 684.1053 1503.32968 1131.72439 576.88824 1082.40477 520.00004 994.78645 1144.90178 x x x x x 20.00004 x x x x x x x x x x x x x 863.80096 x x x x x x x x x x x x x 640.00004 x x x x x x x x x x x x x 1183.6151 x x x x x x x x x x x x x 1080.75449 x x x x x x x x 
1285.76829 101.98043 325.57645 240.83193 933.38099 493.9636 2000000000.0 342.3449 1043.45584 1021.76322 1701.76383 1094.16639 1161.55073 621.28902 538.51652 1236.93173 820.24391 286.35646 220.00004 761.57735 1075.17444 786.38417 1115.70609 466.47619 1587.57681 341.76019 1135.95779 427.55121 1201.4991 809.19717 1080.18521 200.00004 1290.27133 1094.8973 1077.033 1329.81206 1181.52448 947.62866 1490.50331 1261.26924 545.8938 362.21545 740.27026 662.41985 1442.49787 1261.26924 1118.9281 1657.10595 531.41325 1160.00004 1400.00004 1065.0822 765.76763 1480.81063 638.12229 1526.43379 544.05886 1164.98931 840.00004 1162.75539 1302.30569 1535.83857 721.1103 1953.45851 1600.00004 674.68515 1574.42057 724.9828 1040.76899 1201.4991 x x x x x x 20.00004 x x x x x x x x x x x x x 1095.17444 x x x x x x x x x x x x x 1097.033 x x x x x x x x x x x x x 551.41325 x x x x x x x x x x x x x 741.1103 x x x x x x x 
1608.22888 440.45435 233.23812 519.23024 1176.60533 668.43104 342.3449 2000000000.0 987.31964 1244.02576 1861.71968 1209.29736 1500.13337 349.85715 861.62641 1544.02077 859.0693 509.90199 428.01873 466.90474 1144.90178 1121.60603 1440.13892 791.20166 1471.05408 161.24519 992.97537 89.44276 1540.1299 555.6978 1421.26708 250.59932 1403.56692 1162.75539 1416.61573 1657.46799 1458.35528 1282.4976 1420.56331 1180.16952 652.99315 496.78973 769.6753 540.37028 1342.38598 1106.34537 1423.37631 1786.16912 272.02945 1403.56692 1599.625 1260.6348 1028.59131 1575.43649 429.41825 1699.17631 882.94964 1440.27779 1180.67781 1318.93901 1244.02576 1582.40328 1060.00004 2171.54327 1796.55229 1004.9876 1716.042 621.28902 1382.31694 1543.24338 x x x x x x x 20.00004 x x x x x x x x x x x x x 1141.60603 x x x x x x x x x x x x x 1677.46799 x x x x x x x x x x x x x 1423.56692 x x x x x x x x x x x x x 2191.54327 x x x x x x 
1610.58999 1049.95242 780.00004 921.95449 950.78919 688.18606 1043.45584 987.31964 2000000000.0 912.14038 1155.50859 560.35707 1681.07113 743.23621 1467.10603 1463.28402 312.41003 832.58637 1259.36496 776.65955 401.99506 1358.82306 1495.861 1404.27921 566.03891 1144.3776 280.00004 961.04114 1714.05955 640.31246 1664.81234 865.79447 670.52222 404.47501 1810.41436 1690.56208 1252.83682 1468.19621 447.21364 223.60684 566.03891 709.36595 344.09305 451.22061 411.82525 373.63087 1360.58815 1012.12651 1232.23378 1082.58953 1064.70657 831.86541 954.14888 754.71853 1397.13998 1057.73347 1392.83887 1233.69368 1471.05408 740.27026 260.76814 666.03307 1357.93966 1596.24564 1208.30464 1244.50797 984.88582 368.78182 1646.57224 1784.0404 x x x x x x x x 20.00004 x x x x x x x x x x x x x 1515.861 x x x x x x x x x x x x x 1272.83682 x x x x x x x x x x x x x 1084.70657 x x x x x x x x x x x x x 1228.30464 x x x x x 
728.01103 944.03394 1032.4728 781.02501 120.00004 576.88824 1021.76322 1244.02576 912.14038 2000000000.0 722.77248 412.3106 876.58432 1259.36496 1078.70296 566.03891 641.24882 749.66663 1198.1653 1379.27521 555.6978 690.5071 652.99315 1052.61583 1382.31694 1330.56383 1184.56747 1287.01208 900.00004 1306.13939 903.5486 996.39354 501.1986 566.03891 1126.0551 812.15766 341.76019 716.93797 1176.43533 1074.24396 627.69423 748.86585 681.17549 1000.20002 1235.47566 1285.76829 481.66382 740.00004 1505.72246 181.10774 384.70772 116.61908 291.20444 683.52034 1641.4628 538.51652 950.36839 323.10993 800.49988 295.2965 1029.56305 860.92977 742.42849 933.38099 583.09523 640.00004 640.31246 967.47097 903.76992 998.59906 x x x x x x x x x 20.00004 x x x x x x x x x x x x x 1072.61583 x x x x x x x x x x x x x 736.93797 x x x x x x x x x x x x x 136.61908 x x x x x x x x x x x x x 660.00004 x x x x 
1208.1391 1636.82624 1631.31853 1467.10603 839.52371 1214.90744 1701.76383 1861.71968 1155.50859 722.77248 2000000000.0 666.03307 1455.60988 1774.59859 1800.55551 1044.03069 1052.61583 1416.61573 1896.20678 1860.10756 782.30433 1381.30377 1223.76472 1775.38732 1360.14709 1976.25913 1416.7569 1883.50741 1464.92325 1747.34088 1519.07871 1632.1765 493.9636 771.7513 1771.32723 1285.14595 831.86541 1363.67155 1140.17547 1188.78093 1208.8011 1376.37208 1134.54841 1468.19621 1263.96206 1464.92325 1035.76063 184.39093 2133.35421 680.00004 360.00004 646.21982 1013.90339 424.26411 2284.03156 184.39093 1670.92793 828.73401 1480.00004 544.05886 1098.36246 621.28902 1444.99139 481.66382 233.23812 1352.03554 170.88011 1404.27921 1533.10147 1581.5183 x x x x x x x x x x 20.00004 x x x x x x x x x x x x x 1380.14709 x x x x x x x x x x x x x 1160.17547 x x x x x x x x x x x x x 1033.90339 x x x x x x x x x x x x x 190.88011 x x x 
1140.17547 1047.85499 976.52449 878.63535 496.78973 601.6644 1094.16639 1209.29736 560.35707 412.3106 666.03307 2000000000.0 1277.81067 1108.87334 1325.44336 976.52449 388.3298 810.43202 1305.06709 1198.1653 161.24519 1037.8825 1060.75449 1281.40552 975.29487 1334.61609 840.2381 1224.41827 1303.84052 1091.78757 1292.74905 992.97537 196.9772 164.92427 1494.12186 1224.41827 744.3118 1098.36246 765.50641 684.1053 563.56015 743.23621 468.61502 804.48745 832.58637 923.47175 893.75616 576.88824 1481.21576 554.61702 506.3596 305.28679 590.93151 388.3298 1636.70405 528.39383 1213.42494 727.1864 1153.94978 180.00004 627.69423 494.77272 1069.76637 1058.48953 664.83085 955.19635 509.90199 744.3118 1287.01208 1396.28081 x x x x x x x x x x x 20.00004 x x x x x x x x x x x x x 1354.61609 x x x x x x x x x x x x x 704.1053 x x x x x x x x x x x x x 408.3298 x x x x x x x x x x x x x 764.3118 x x 
291.20444 1060.75449 1391.68966 1007.1743 781.02501 1058.48953 1161.55073 1500.13337 1681.07113 876.58432 1455.60988 1277.81067 2000000000.0 1703.17355 778.2031 420.47596 1370.10952 1059.05622 1193.31475 1847.91779 1400.14289 382.0995 234.09404 817.06797 2212.69071 1490.9058 1917.60271 1580.12662 40.00004 1838.47767 113.13712 1283.90035 1375.93609 1414.49642 360.55517 260.76814 626.41843 228.03513 2022.77042 1880.42552 1181.86298 1159.48268 1361.91046 1568.69376 2058.83466 2037.44943 423.79244 1543.24338 1677.25971 806.22581 1107.24888 992.97537 728.01103 1548.28942 1746.42496 1291.20103 676.75701 632.45557 325.57645 1170.47003 1856.98685 1736.43317 440.45435 1389.24444 1236.2848 506.3596 1442.22055 1578.48032 156.20503 126.49115 x x x x x x x x x x x x 20.00004 x x x x x x x x x x x x x 1937.60271 x x x x x x x x x x x x x 1201.86298 x x x x x x x x x x x x x 1766.42496 x x x x x x x x x x x x x 176.20503 x 
1760.00004 697.71058 316.22781 698.57001 1222.62018 710.21128 621.28902 349.85715 743.23621 1259.36496 1774.59859 1108.87334 1703.17355 2000000000.0 1159.65516 1665.89319 722.49571 644.98066 764.19897 145.60224 1004.19126 1321.96827 1601.12464 1087.56613 1160.00004 501.59749 680.29409 278.56781 1742.64171 205.91264 1640.00004 438.63428 1287.63353 1018.62657 1678.69001 1820.98878 1533.75361 1476.48235 1141.40269 902.44117 632.45557 560.35707 640.31246 312.41003 1044.79667 782.30433 1544.66829 1668.77204 520.38451 1435.68803 1567.80105 1243.38252 1111.5755 1431.78215 680.29409 1632.1765 1153.94978 1514.1995 1401.85595 1253.63476 980.81603 1392.83887 1275.77431 2143.7351 1753.28268 1196.82918 1614.43493 388.3298 1605.61519 1765.89924 x x x x x x x x x x x x x 20.00004 x x x x x x x x x x x x x 298.56781 x x x x x x x x x x x x x 580.35707 x x x x x x x x x x x x x 1652.1765 x x x x x x x x x x x x x 1785.89924 
996.39354 468.61502 856.03742 549.18125 961.04114 791.20166 538.51652 861.62641 1467.10603 1078.70296 1800.55551 1325.44336 778.2031 1159.65516 2000000000.0 1019.80394 1184.7363 638.12229 463.89658 1300.00004 1368.94124 496.78973 835.46398 72.11107 2031.94492 796.24121 1616.04459 950.78919 814.37096 1344.02385 672.30949 728.01103 1500.53328 1388.52444 580.00004 1009.5544 1074.24396 624.82001 1898.73646 1690.68038 903.76992 765.50641 1127.29769 1161.03406 1878.82946 1744.01839 928.00866 1811.07707 965.19432 1144.90178 1450.65506 1168.41777 789.17683 1700.47056 1001.79842 1616.16835 134.16412 1064.70657 472.01699 1321.36297 1709.85383 1815.92955 412.3106 1923.0185 1638.16975 465.18817 1714.17623 1208.8011 627.69423 772.0104 1016.39354 x x x x x x x x x x x x x 20.00004 x x x x x x x x x x x x x 834.37096 x x x x x x x x x x x x x 1147.29769 x x x x x x x x x x x x x 154.16412 x x x x x x x x x x x x x 
172.04655 1137.18956 1381.01416 1024.89028 512.64026 960.20835 1236.93173 1544.02077 1463.28402 566.03891 1044.03069 976.52449 420.47596 1665.89319 1019.80394 2000000000.0 1170.47003 1043.45584 1337.75936 1802.77568 1121.60603 523.45013 208.80617 1032.4728 1948.33266 1578.48032 1726.61523 1610.46581 424.26411 1760.45453 503.58717 1300.00004 1032.4728 1132.07778 766.55076 256.12501 240.83193 411.82525 1741.83815 1636.82624 1061.6968 1106.52614 1188.78093 1463.42069 1800.99976 1835.2112 121.65529 1145.42573 1767.82356 438.63428 706.82392 672.01194 560.35707 1184.06085 1869.43846 887.69368 891.06682 254.55848 566.03891 835.46398 1595.11759 1388.52444 608.27629 976.72928 820.00004 588.21769 1046.51808 1451.20643 529.52813 543.32315 x 1157.18956 x x x x x x x x x x x x x 20.00004 x x x x x x x x x x x x x 1780.45453 x x x x x x x x x x x x x 1483.42069 x x x x x x x x x x x x x 274.55848 x x x x x x x x x x x x 
1311.03017 803.99009 627.69423 655.13361 659.69694 393.95435 820.24391 859.0693 312.41003 641.24882 1052.61583 388.3298 1370.10952 722.49571 1184.7363 1170.47003 2000000000.0 568.85855 1040.19233 809.93831 288.44414 1046.90023 1189.62183 1126.0551 868.33177 999.59996 557.13557 860.92977 1403.56692 706.82392 1352.47925 674.68515 565.68546 305.28679 1500.13337 1389.24444 973.24204 1156.02772 715.54179 524.97623 286.35646 460.43462 89.44276 416.17308 712.17979 670.82043 1062.82646 948.4725 1127.12026 820.24391 873.15524 583.09523 644.98066 721.1103 1288.09942 915.86029 1100.18184 953.51984 1159.65516 546.26005 528.39383 728.01103 1048.04584 1440.27779 1046.51808 933.80944 891.96416 357.77092 1334.16645 1472.00547 x x 647.69423 x x x x x x x x x x x x x 20.00004 x x x x x x x x x x x x x 1372.47925 x x x x x x x x x x x x x 732.17979 x x x x x x x x x x x x x 1179.65516 x x x x x x x x x x x 
1122.85355 240.83193 340.58777 89.44276 672.01194 208.80617 286.35646 509.90199 832.58637 749.66663 1416.61573 810.43202 1059.05622 644.98066 638.12229 1043.45584 568.85855 2000000000.0 494.77272 789.17683 802.24688 679.11711 960.20835 573.06199 1395.42112 581.37771 980.81603 569.21002 1098.36246 784.3469 1000.00004 260.00004 1005.78332 822.19223 1066.77087 1180.16952 948.4725 831.86541 1271.37725 1056.03034 282.84275 128.06252 500.00004 544.05886 1243.38252 1108.87334 921.95449 1370.8392 760.26315 900.00004 1121.60603 784.09187 518.84491 1198.1653 891.96416 1242.57801 580.00004 930.37631 765.50641 876.58432 1081.66542 1263.96206 639.06185 1682.9736 1321.36297 553.17271 1288.09942 580.00004 967.67767 1126.41027 x x x 109.44276 x x x x x x x x x x x x x 20.00004 x x x x x x x x x x x x x 280.00004 x x x x x x x x x x x x x 1128.87334 x x x x x x x x x x x x x 896.58432 x x x x x x x x x x 
1360.58815 260.00004 509.90199 430.81322 1100.00004 703.42026 220.00004 428.01873 1259.36496 1198.1653 1896.20678 1305.06709 1193.31475 764.19897 463.89658 1337.75936 1040.19233 494.77272 2000000000.0 891.96416 1292.59433 843.0896 1190.12608 400.49973 1796.88624 335.26113 1337.01163 516.13956 1232.23378 965.40151 1098.36246 398.49722 1500.00004 1312.40242 1041.72937 1392.83887 1317.11811 999.59996 1706.57556 1475.12715 764.19897 581.37771 960.20835 861.62641 1654.2068 1460.13702 1225.88747 1860.96753 501.59749 1321.36297 1581.5183 1252.99645 924.55399 1692.9265 553.17271 1717.67288 523.45013 1302.30569 868.33177 1363.08478 1519.07871 1753.85294 765.50641 2120.84893 1780.89869 751.79789 1775.38732 929.73118 1055.46202 1210.61972 x x x x 1120.00004 x x x x x x x x x x x x x 20.00004 x x x x x x x x x x x x x 1520.00004 x x x x x x x x x x x x x 1245.88747 x x x x x x x x x x x x x 1539.07871 x x x x x x x x x 
1900.42105 840.95188 461.7359 844.03795 1349.37026 843.80096 761.57735 466.90474 776.65955 1379.27521 1860.10756 1198.1653 1847.91779 145.60224 1300.00004 1802.77568 809.93831 789.17683 891.96416 2000000000.0 1080.74053 1466.96971 1742.87123 1228.00655 1128.71612 604.6487 659.69694 384.18749 1887.32619 145.60224 1785.38515 583.09523 1368.21055 1093.43499 1823.62281 1962.5494 1663.73079 1620.98739 1138.42 906.2009 757.09977 700.2857 734.30243 394.4617 1028.39685 744.3118 1681.90372 1744.13306 582.40883 1557.69064 1672.6028 1355.5811 1245.79296 1499.33323 729.93154 1725.68831 1297.6903 1644.0195 1547.38493 1352.03554 993.17676 1440.13892 1421.26708 2245.88517 1853.21347 1341.64083 1696.23116 456.07021 1751.11397 1911.33465 x x x x x 863.80096 x x x x x x x x x x x x x 20.00004 x x x x x x x x x x x x x 1113.43499 x x x x x x x x x x x x x 1764.13306 x x x x x x x x x x x x x 1460.13892 x x x x x x x x 
1281.40552 1043.07242 912.35962 880.22728 624.82001 600.00004 1075.17444 1144.90178 401.99506 555.6978 782.30433 161.24519 1400.14289 1004.19126 1368.94124 1121.60603 288.44414 802.24688 1292.59433 1080.74053 2000000000.0 1132.07778 1190.96603 1318.48402 826.8011 1281.56159 681.17549 1149.08663 1428.42575 965.19432 1405.84498 948.68334 288.44414 20.00004 1592.23118 1364.84435 894.42723 1208.8011 624.82001 524.97623 529.52813 713.86277 377.35929 693.10898 680.00004 762.36478 1032.27907 664.83085 1414.2136 709.36595 662.7217 456.94643 688.18606 432.66619 1574.29353 664.83085 1266.49126 876.58432 1248.67934 340.58777 474.13082 461.7359 1154.12308 1201.66555 810.43202 1037.68978 616.11691 624.82001 1396.28081 1514.85977 x x x x x x 1095.17444 x x x x x x x x x x x x x 20.00004 x x x x x x x x x x x x x 1612.23118 x x x x x x x x x x x x x 1434.2136 x x x x x x x x x x x x x 1174.12308 x x x x x x x 
518.84491 684.68975 1009.75248 625.14002 572.71288 699.71427 786.38417 1121.60603 1358.82306 690.5071 1381.30377 1037.8825 382.0995 1321.96827 496.78973 523.45013 1046.90023 679.11711 843.0896 1466.96971 1132.07778 2000000000.0 349.85715 509.90199 1910.49736 1121.78433 1576.32488 1200.1667 421.9005 1461.64295 323.10993 901.99782 1176.43533 1149.08663 460.43462 550.2727 594.64279 161.24519 1736.66351 1569.8408 826.8011 784.3469 1024.49992 1200.1667 1754.53702 1700.00004 432.66619 1425.06144 1310.26719 702.56676 1021.76322 800.49988 447.21364 1368.21055 1391.40221 1200.1667 367.69557 588.21769 116.61908 975.29487 1559.74361 1526.43379 84.85285 1444.71454 1193.6499 126.49115 1323.7825 1216.55255 295.2965 449.44414 x x x x x x x 1141.60603 x x x x x x x x x x x x x 20.00004 x x x x x x x x x x x x x 570.2727 x x x x x x x x x x x x x 722.56676 x x x x x x x x x x x x x 1464.71454 x x x x x x 
170.88011 1013.90339 1300.61528 925.41886 566.39213 917.82355 1115.70609 1440.13892 1495.861 652.99315 1223.76472 1060.75449 234.09404 1601.12464 835.46398 208.80617 1189.62183 960.20835 1190.12608 1742.87123 1190.96603 349.85715 2000000000.0 856.03742 2012.06366 1456.02202 1744.70632 1513.27464 250.59932 1716.85763 300.00004 1205.98511 1148.56436 1204.1595 561.42679 220.00004 392.93769 212.60296 1815.70927 1686.29776 1033.24735 1043.07242 1192.30872 1431.78215 1860.10756 1860.4301 189.7367 1309.19827 1645.60023 572.71288 873.61323 768.37495 546.26005 1317.26994 1734.58933 1057.73347 712.17979 398.49722 368.78182 944.03394 1656.01936 1509.03947 432.66619 1184.56747 1007.1743 442.71891 1208.1391 1431.36303 322.49035 360.55517 x x x x x x x x 1515.861 x x x x x x x x x x x x x 20.00004 x x x x x x x x x x x x x 412.93769 x x x x x x x x x x x x x 893.61323 x x x x x x x x x x x x x 1027.1743 x x x x x 
1020.78405 396.9887 784.09187 483.7355 936.80311 733.75749 466.47619 791.20166 1404.27921 1052.61583 1775.38732 1281.40552 817.06797 1087.56613 72.11107 1032.4728 1126.0551 573.06199 400.49973 1228.00655 1318.48402 509.90199 856.03742 2000000000.0 1968.24799 729.93154 1548.41859 880.22728 854.40041 1272.00633 714.70278 656.04882 1460.13702 1338.2078 641.24882 1039.42296 1070.70075 648.99927 1838.47767 1627.8821 843.0896 699.71427 1066.20827 1091.23787 1815.70927 1676.3055 935.09362 1779.10094 901.99782 1129.24758 1429.40551 1137.71705 761.57735 1660.12052 945.30422 1591.10029 144.22209 1060.00004 501.1986 1285.61273 1649.24229 1769.18064 425.20587 1915.41122 1619.87658 460.43462 1683.44888 1140.17547 670.52222 820.00004 x x x x x x x x x 1072.61583 x x x x x x x x x x x x x 20.00004 x x x x x x x x x x x x x 668.99927 x x x x x x x x x x x x x 1157.71705 x x x x x x x x x x x x x 480.43462 x x x x 
2107.88998 1604.61837 1295.22203 1484.85694 1448.44748 1253.63476 1587.57681 1471.05408 566.03891 1382.31694 1360.14709 975.29487 2212.69071 1160.00004 2031.94492 1948.33266 868.33177 1395.42112 1796.88624 1128.71612 826.8011 1910.49736 2012.06366 1968.24799 2000000000.0 1632.29903 480.41653 1423.51681 2243.21202 985.08887 2206.89832 1398.42773 980.81603 816.33331 2366.85449 2191.07284 1719.18589 2008.97988 223.60684 344.09305 1132.07778 1270.11814 909.72527 941.48822 156.20503 384.70772 1858.27881 1180.16952 1680.11908 1529.57514 1412.09069 1280.15628 1486.60691 943.39815 1840.10873 1335.06558 1958.87727 1701.76383 2024.74694 1137.18956 356.08992 740.27026 1915.51564 1840.97804 1496.26205 1800.55551 1202.66375 868.33177 2192.07668 2322.06808 x x x x x x x x x x 1380.14709 x x x x x x x x x x x x x 20.00004 x x x x x x x x x x x x x 243.60684 x x x x x x x x x x x x x 1506.60691 x x x x x x x x x x x x x 1222.66375 x x x 
1626.40712 442.71891 373.63087 566.03891 1252.5175 765.76763 341.76019 161.24519 1144.3776 1330.56383 1976.25913 1334.61609 1490.9058 501.59749 796.24121 1578.48032 999.59996 581.37771 335.26113 604.6487 1281.56159 1121.78433 1456.02202 729.93154 1632.29903 2000000000.0 1154.12308 223.60684 1530.62083 706.82392 1403.56692 344.09305 1530.75149 1300.00004 1369.37946 1668.65219 1516.04753 1282.65354 1580.12662 1340.00004 771.7513 600.00004 910.82384 700.00004 1503.32968 1266.96492 1460.13702 1910.49736 189.7367 1480.54048 1697.99886 1358.82306 1092.88613 1708.56669 311.12702 1808.53536 840.95188 1498.93299 1166.19042 1432.20114 1402.28389 1726.61523 1052.23576 2263.44874 1896.94495 1013.90339 1836.19175 780.25641 1362.35095 1521.18379 x x x x x x x x x x x 1354.61609 x x x x x x x x x x x x x 20.00004 x x x x x x x x x x x x x 1360.00004 x x x x x x x x x x x x x 1728.56669 x x x x x x x x x x x x x 800.25641 x x 
1868.15421 1166.19042 828.73401 1068.26967 1214.57816 880.90866 1135.95779 992.97537 280.00004 1184.56747 1416.7569 840.2381 1917.60271 680.29409 1616.04459 1726.61523 557.13557 980.81603 1337.01163 659.69694 681.17549 1576.32488 1744.70632 1548.41859 480.41653 1154.12308 2000000000.0 943.39815 1952.33198 514.19845 1891.56024 940.21278 941.48822 682.64197 2015.3412 1946.17578 1523.15466 1698.11664 483.32188 269.07252 752.86125 852.76026 555.6978 475.39461 368.78182 128.06252 1619.87658 1263.17065 1200.00004 1357.93966 1343.7262 1108.87334 1198.66597 1003.19494 1360.58815 1329.81206 1559.74361 1503.72874 1684.04279 1020.1961 367.69557 876.58432 1564.86425 1867.83301 1482.97003 1456.02202 1245.95349 411.82525 1869.54544 2014.05068 x x x x x x x x x x x x 1937.60271 x x x x x x x x x x x x x 20.00004 x x x x x x x x x x x x x 772.86125 x x x x x x x x x x x x x 1380.58815 x x x x x x x x x x x x x 1889.54544 x 
1680.23812 523.45013 256.12501 588.5576 1225.88747 710.21128 427.55121 89.44276 961.04114 1287.01208 1883.50741 1224.41827 1580.12662 278.56781 950.78919 1610.46581 860.92977 569.21002 516.13956 384.18749 1149.08663 1200.1667 1513.27464 880.22728 1423.51681 223.60684 943.39815 2000000000.0 1620.12349 483.32188 1503.32968 310.48353 1416.05089 1166.19042 1503.72874 1731.58891 1515.38778 1360.58815 1385.20761 1144.3776 679.41155 538.51652 771.7513 509.90199 1300.00004 1052.23576 1489.29518 1800.00004 272.02945 1451.20643 1633.76869 1296.30247 1084.61979 1581.5183 436.80663 1725.34059 970.15467 1496.93023 1262.53717 1343.57735 1213.42494 1575.81729 1140.70158 2208.4384 1828.77012 1081.66542 1733.66667 592.28376 1464.92325 1626.03817 x x x x x x x x x x x x x 298.56781 x x x x x x x x x x x x x 20.00004 x x x x x x x x x x x x x 558.51652 x x x x x x x x x x x x x 1745.34059 x x x x x x x x x x x x x 1646.03817 
282.84275 1100.72707 1431.36303 1046.90023 807.21748 1095.62771 1201.4991 1540.1299 1714.05955 900.00004 1464.92325 1303.84052 40.00004 1742.64171 814.37096 424.26411 1403.56692 1098.36246 1232.23378 1887.32619 1428.42575 421.9005 250.59932 854.40041 2243.21202 1530.62083 1952.33198 1620.12349 2000000000.0 1877.23204 144.22209 1323.7825 1397.85554 1442.49787 375.76592 241.66096 639.06185 266.83332 2051.82849 1912.06698 1218.52374 1198.1653 1396.71046 1606.48689 2089.68901 2071.71431 438.63428 1556.66314 1716.85763 822.92166 1119.4642 1016.0709 760.26315 1567.80105 1785.38515 1302.91984 714.70278 646.21982 364.96579 1192.81184 1887.32619 1758.40841 480.41653 1385.20761 1243.38252 545.8938 1456.02202 1615.54948 188.67966 120.00004 302.84275 x x x x x x x x x x x x x 834.37096 x x x x x x x x x x x x x 20.00004 x x x x x x x x x x x x x 1416.71046 x x x x x x x x x x x x x 734.70278 x x x x x x x x x x x x x 
1868.68942 876.58432 488.26226 850.88194 1287.63353 802.24688 809.19717 555.6978 640.31246 1306.13939 1747.34088 1091.78757 1838.47767 205.91264 1344.02385 1760.45453 706.82392 784.3469 965.40151 145.60224 965.19432 1461.64295 1716.85763 1272.00633 985.08887 706.82392 514.19845 483.32188 1877.23204 2000000000.0 1783.70405 616.11691 1253.63476 976.52449 1842.71543 1934.9419 1606.11336 1610.46581 992.97537 761.57735 700.2857 679.11711 639.06185 305.94121 882.94964 601.3319 1641.09723 1624.31528 710.21128 1486.60691 1578.48032 1272.00633 1200.1667 1375.35454 863.71296 1620.12349 1327.40352 1586.19044 1549.83874 1252.99645 849.70587 1305.98626 1423.37631 2147.0911 1753.28268 1335.21538 1581.13887 349.28502 1751.91328 1910.18328 x 896.58432 x x x x x x x x x x x x x 1780.45453 x x x x x x x x x x x x x 20.00004 x x x x x x x x x x x x x 325.94121 x x x x x x x x x x x x x 1606.19044 x x x x x x x x x x x x 
393.95435 980.81603 1325.74511 941.48822 799.24969 1020.00004 1080.18521 1421.26708 1664.81234 903.5486 1519.07871 1292.74905 113.13712 1640.00004 672.30949 503.58717 1352.47925 1000.00004 1098.36246 1785.38515 1405.84498 323.10993 300.00004 714.70278 2206.89832 1403.56692 1891.56024 1503.32968 144.22209 1783.70405 2000000000.0 1213.42494 1404.70642 1421.26708 263.05897 372.02154 687.31365 197.98994 2023.56126 1870.1872 1146.12394 1107.24888 1337.01163 1523.15466 2051.82849 2013.75276 483.7355 1596.24564 1588.08064 854.40041 1164.98931 1020.00004 721.38759 1584.04549 1651.30256 1349.37026 577.23483 690.5071 240.83193 1198.83281 1852.67378 1763.85944 364.96579 1479.59458 1305.52675 449.44414 1494.52338 1538.44081 44.7214 126.49115 x x 1345.74511 x x x x x x x x x x x x x 1372.47925 x x x x x x x x x x x x x 20.00004 x x x x x x x x x x x x x 2071.82849 x x x x x x x x x x x x x 260.83193 x x x x x x x x x x x 
1371.86009 260.76814 128.06252 280.71342 926.49883 424.26411 200.00004 250.59932 865.79447 996.39354 1632.1765 992.97537 1283.90035 438.63428 728.01103 1300.00004 674.68515 260.00004 398.49722 583.09523 948.68334 901.99782 1205.98511 656.04882 1398.42773 344.09305 940.21278 310.48353 1323.7825 616.11691 1213.42494 2000000000.0 1189.62183 967.67767 1240.64503 1425.06144 1208.30464 1060.75449 1312.40242 1078.70296 429.41825 256.12501 588.5576 465.18817 1256.34394 1064.51871 1178.813 1567.80105 509.90199 1153.77645 1357.64506 1018.2338 778.2031 1370.8392 652.99315 1464.92325 715.54179 1190.12608 973.24204 1088.11768 1126.41027 1401.85595 848.52818 1926.65517 1555.89207 780.25641 1492.5147 531.41325 1177.11516 1338.2078 x x x 300.71342 x x x x x x x x x x x x x 280.00004 x x x x x x x x x x x x x 20.00004 x x x x x x x x x x x x x 1084.51871 x x x x x x x x x x x x x 1108.11768 x x x x x x x x x x 
1202.83004 1241.93402 1170.47003 1072.0075 609.26189 796.99439 1290.27133 1403.56692 670.52222 501.1986 493.9636 196.9772 1375.93609 1287.63353 1500.53328 1032.4728 565.68546 1005.78332 1500.00004 1368.21055 288.44414 1176.43533 1148.56436 1460.13702 980.81603 1530.75149 941.48822 1416.05089 1397.85554 1253.63476 1404.70642 1189.62183 2000000000.0 277.84892 1623.08353 1287.63353 791.95963 1216.71693 758.94668 740.00004 760.26315 940.21278 651.15286 978.36602 855.10237 1004.9876 968.29751 384.18749 1675.23137 593.96974 431.7407 384.70772 737.5636 200.00004 1831.72054 388.3298 1383.61848 777.94605 1290.27133 205.91264 662.7217 360.55517 1217.53854 926.49883 543.32315 1106.34537 328.02443 912.14038 1404.27921 1498.93299 x x x x 629.26189 x x x x x x x x x x x x x 1520.00004 x x x x x x x x x x x x x 20.00004 x x x x x x x x x x x x x 988.29751 x x x x x x x x x x x x x 682.7217 x x x x x x x x x 
1292.74905 1063.01462 930.37631 900.22223 637.80879 620.00004 1094.8973 1162.75539 404.47501 566.03891 771.7513 164.92427 1414.49642 1018.62657 1388.52444 1132.07778 305.28679 822.19223 1312.40242 1093.43499 20.00004 1149.08663 1204.1595 1338.2078 816.33331 1300.00004 682.64197 1166.19042 1442.49787 976.52449 1421.26708 967.67767 277.84892 2000000000.0 1609.09917 1376.37208 903.5486 1224.41827 612.20915 519.23024 549.18125 733.48487 394.4617 707.10682 670.82043 761.05194 1044.03069 651.15286 1431.78215 716.93797 661.21105 465.18817 704.55664 416.17308 1592.10556 657.87541 1285.76829 885.88942 1265.70143 342.3449 465.18817 441.81448 1171.83621 1195.49157 805.23293 1055.46202 604.6487 637.80879 1412.09069 1529.70589 x x x x x 640.00004 x x x x x x x x x x x x x 1113.43499 x x x x x x x x x x x x x 20.00004 x x x x x x x x x x x x x 671.15286 x x x x x x x x x x x x x 461.81448 x x x x x x x x 
651.45994 986.71175 1363.08478 992.97537 1013.90339 1134.54841 1077.033 1416.61573 1810.41436 1126.0551 1771.32723 1494.12186 360.55517 1678.69001 580.00004 766.55076 1500.13337 1066.77087 1041.72937 1823.62281 1592.23118 460.43462 561.42679 641.24882 2366.85449 1369.37946 2015.3412 1503.72874 375.76592 1842.71543 263.05897 1240.64503 1623.08353 1609.09917 2000000000.0 617.414 941.91299 412.3106 2196.17854 2024.74694 1262.53717 1187.26581 1471.05408 1609.09917 2210.70129 2141.12124 740.27026 1839.67392 1543.24338 1098.36246 1414.2136 1240.64503 905.53855 1809.53037 1581.13887 1598.12394 533.6666 943.39815 344.09305 1418.73187 2017.91976 1977.97881 452.54838 1742.64171 1562.04998 566.39213 1737.69967 1636.82624 240.00004 272.02945 x x x x x x 1097.033 x x x x x x x x x x x x x 1612.23118 x x x x x x x x x x x x x 20.00004 x x x x x x x x x x x x x 1563.24338 x x x x x x x x x x x x x 472.54838 x x x x x x x 
84.85285 1227.84368 1520.52626 1144.3776 744.3118 1134.37211 1329.81206 1657.46799 1690.56208 812.15766 1285.14595 1224.41827 260.76814 1820.98878 1009.5544 256.12501 1389.24444 1180.16952 1392.83887 1962.5494 1364.84435 550.2727 220.00004 1039.42296 2191.07284 1668.65219 1946.17578 1731.58891 241.66096 1934.9419 372.02154 1425.06144 1287.63353 1376.37208 617.414 2000000000.0 496.78973 393.95435 1988.06443 1872.9656 1247.39733 1262.53717 1397.85554 1647.54367 2041.66603 2059.12607 332.86638 1395.42112 1857.84826 694.26224 957.70563 921.95449 752.86125 1440.13892 1941.64882 1135.95779 895.54457 509.90199 538.51652 1089.03631 1836.19175 1644.38442 627.69423 1160.17244 1056.21971 655.13361 1297.6903 1644.50604 412.3106 354.40094 x x x x x x x 1677.46799 x x x x x x x x x x x x x 570.2727 x x x x x x x x x x x x x 20.00004 x x x x x x x x x x x x x 714.26224 x x x x x x x x x x x x x 1180.17244 x x x x x x 
412.3106 1088.11768 1271.37725 950.15792 320.00004 824.62117 1181.52448 1458.35528 1252.83682 341.76019 831.86541 744.3118 626.41843 1533.75361 1074.24396 240.83193 973.24204 948.4725 1317.11811 1663.73079 894.42723 594.64279 392.93769 1070.70075 1719.18589 1516.04753 1523.15466 1515.38778 639.06185 1606.11336 687.31365 1208.30464 791.95963 903.5486 941.91299 496.78973 2000000000.0 541.47949 1509.43702 1415.48582 907.9648 986.71175 1003.19494 1302.45925 1574.29353 1626.40712 203.96082 917.60562 1701.76383 197.98994 480.83265 439.09001 430.81322 944.03394 1819.45051 664.83085 940.21278 20.00004 674.68515 596.6574 1368.50287 1147.69338 672.30949 850.88194 620.32254 610.57354 817.06797 1280.00004 702.56676 752.86125 x x x x x x x x 1272.83682 x x x x x x x x x x x x x 412.93769 x x x x x x x x x x x x x 20.00004 x x x x x x x x x x x x x 500.83265 x x x x x x x x x x x x x 640.32254 x x x x x 
372.02154 845.93148 1166.19042 782.30433 608.27629 832.58637 947.62866 1282.4976 1468.19621 716.93797 1363.67155 1098.36246 228.03513 1476.48235 624.82001 411.82525 1156.02772 831.86541 999.59996 1620.98739 1208.8011 161.24519 212.60296 648.99927 2008.97988 1282.65354 1698.11664 1360.58815 266.83332 1610.46581 197.98994 1060.75449 1216.71693 1224.41827 412.3106 393.95435 541.47949 2000000000.0 1825.70538 1672.6028 957.07893 931.45052 1142.80361 1341.34265 1853.96876 1819.45051 349.28502 1427.7255 1470.91812 687.31365 1004.9876 832.58637 523.45013 1400.14289 1549.83874 1188.2761 504.77722 540.37028 156.20503 1011.33579 1654.69034 1574.29353 234.09404 1373.60843 1160.17244 280.71342 1325.74511 1352.47925 188.67966 316.22781 x x x x x x x x x 736.93797 x x x x x x x x x x x x x 668.99927 x x x x x x x x x x x x x 20.00004 x x x x x x x x x x x x x 852.58637 x x x x x x x x x x x x x 300.71342 x x x x 
1904.20591 1494.52338 1222.62018 1360.14709 1249.63999 1109.23401 1490.50331 1420.56331 447.21364 1176.43533 1140.17547 765.50641 2022.77042 1141.40269 1898.73646 1741.83815 715.54179 1271.37725 1706.57556 1138.42 624.82001 1736.66351 1815.70927 1838.47767 223.60684 1580.12662 483.32188 1385.20761 2051.82849 992.97537 2023.56126 1312.40242 758.94668 612.20915 2196.17854 1988.06443 1509.43702 1825.70538 2000000000.0 240.83193 995.38941 1151.34708 772.52836 880.22728 144.22209 440.45435 1656.01936 961.87321 1652.15015 1317.26994 1189.62183 1070.70075 1302.30569 721.1103 1815.92955 1111.5755 1815.70927 1492.5147 1852.3499 921.30346 189.7367 523.45013 1748.37071 1620.12349 1272.79225 1632.1765 980.81603 800.00004 2011.36773 2135.50935 x x x x x x x x x x 1160.17547 x x x x x x x x x x x x x 243.60684 x x x x x x x x x x x x x 20.00004 x x x x x x x x x x x x x 1322.30569 x x x x x x x x x x x x x 1000.81603 x x x 
1791.08909 1271.37725 985.08887 1145.42573 1128.71612 909.72527 1261.26924 1180.16952 223.60684 1074.24396 1188.78093 684.1053 1880.42552 902.44117 1690.68038 1636.82624 524.97623 1056.03034 1475.12715 906.2009 524.97623 1569.8408 1686.29776 1627.8821 344.09305 1340.00004 269.07252 1144.3776 1912.06698 761.57735 1870.1872 1078.70296 740.00004 519.23024 2024.74694 1872.9656 1415.48582 1672.6028 240.83193 2000000000.0 788.92336 932.309 566.03891 640.00004 188.67966 278.56781 1540.51943 1024.89028 1411.52404 1233.69368 1164.30241 980.81603 1152.5624 766.55076 1575.43649 1122.85355 1615.54948 1397.13998 1683.44888 859.0693 100.00004 617.73785 1572.89546 1654.69034 1281.40552 1458.35528 1019.80394 560.35707 1853.96876 1987.15882 x x x x x x x x x x x 704.1053 x x x x x x x x x x x x x 1360.00004 x x x x x x x x x x x x x 20.00004 x x x x x x x x x x x x x 786.55076 x x x x x x x x x x x x x 580.35707 x x 
1177.11516 520.38451 424.26411 368.78182 592.28376 128.06252 545.8938 652.99315 566.03891 627.69423 1208.8011 563.56015 1181.86298 632.45557 903.76992 1061.6968 286.35646 282.84275 764.19897 757.09977 529.52813 826.8011 1033.24735 843.0896 1132.07778 771.7513 752.86125 679.41155 1218.52374 700.2857 1146.12394 429.41825 760.26315 549.18125 1262.53717 1247.39733 907.9648 957.07893 995.38941 788.92336 2000000000.0 184.39093 223.60684 401.99506 977.54799 878.63535 943.39815 1138.77131 924.55399 803.24347 956.03351 621.28902 501.59749 943.39815 1076.47577 1046.90023 826.8011 888.14417 932.309 666.03307 806.22581 989.94953 812.15766 1532.18802 1149.78263 704.55664 1065.0822 398.49722 1121.60603 1270.59045 x x x x x x x x x x x x 1201.86298 x x x x x x x x x x x x x 772.86125 x x x x x x x x x x x x x 20.00004 x x x x x x x x x x x x x 1096.47577 x x x x x x x x x x x x x 1141.60603 x 
1200.1667 345.25357 286.35646 216.33312 688.76705 172.04655 362.21545 496.78973 709.36595 748.86585 1376.37208 743.23621 1159.48268 560.35707 765.50641 1106.52614 460.43462 128.06252 581.37771 700.2857 713.86277 784.3469 1043.07242 699.71427 1270.11814 600.00004 852.76026 538.51652 1198.1653 679.11711 1107.24888 256.12501 940.21278 733.48487 1187.26581 1262.53717 986.71175 931.45052 1151.34708 932.309 184.39093 2000000000.0 384.70772 421.9005 1118.9281 980.81603 985.08887 1315.29468 763.67536 913.01702 1103.44918 764.19897 557.85307 1126.0551 909.06549 1208.8011 707.67228 967.67767 877.26853 832.34612 961.66526 1173.88249 751.53181 1674.75375 1301.07652 657.87541 1238.22458 453.4314 1077.033 1233.69368 x x x x x x x x x x x x x 580.35707 x x x x x x x x x x x x x 558.51652 x x x x x x x x x x x x x 20.00004 x x x x x x x x x x x x x 1228.8011 x x x x x x x x x x x x x 1253.69368 
1321.96827 729.93154 538.51652 588.21769 684.68975 344.09305 740.27026 769.6753 344.09305 681.17549 1134.54841 468.61502 1361.91046 640.31246 1127.29769 1188.78093 89.44276 500.00004 960.20835 734.30243 377.35929 1024.49992 1192.30872 1066.20827 909.72527 910.82384 555.6978 771.7513 1396.71046 639.06185 1337.01163 588.5576 651.15286 394.4617 1471.05408 1397.85554 1003.19494 1142.80361 772.52836 566.03891 223.60684 384.70772 2000000000.0 340.00004 754.71853 676.75701 1077.033 1034.79471 1037.68978 862.09052 940.21278 635.60998 646.21982 809.93831 1198.66597 992.97537 1049.57138 983.25992 1134.54841 617.73785 583.09523 816.08827 1018.62657 1511.82014 1118.9281 906.86276 975.90987 291.20444 1316.05475 1458.90374 1341.96827 x x x x x x x x x x x x x 1147.29769 x x x x x x x x x x x x x 1416.71046 x x x x x x x x x x x x x 20.00004 x x x x x x x x x x x x x 1069.57138 x x x x x x x x x x x x x 
