50
0 1 2 3 4 5 6 7 8 9 10 11 12 13 14 15 16 17 18 19 20 21 22 23 24 25 26 27 28 29 30 31 32 33 34 35 36 37 38 39 40 41 42 43 44 45 46 47 48 49 
4
100000000.0 84.0 74.0 100.0 100.0 110.0 97.0 138.0 131.0 105.0 87.0 130.0 123.0 109.0 137.0 133.0 122.0 120.0 142.0 104.0 121.0 80.0 106.0 105.0 111.0 1 x x x x x x x x x x x x x x x x x x x x x x x x 
84.0 100000000.0 95.0 129.0 90.0 105.0 156.0 131.0 146.0 100.0 64.0 171.0 155.0 109.0 125.0 169.0 132.0 120.0 150.0 86.0 126.0 112.0 123.0 120.0 131.0 x 1 x x x x x x x x x x x x 126.0 x x x x x x x x x x 
74.0 95.0 100000000.0 62.0 105.0 86.0 103.0 146.0 133.0 77.0 74.0 135.0 117.0 106.0 119.0 127.0 88.0 88.0 102.0 87.0 135.0 61.0 98.0 123.0 64.0 x x 1 x x 87.0 x x x x x x x x x x x x x x x x x x x 
100.0 129.0 62.0 100000000.0 129.0 107.0 121.0 174.0 124.0 88.0 99.0 150.0 126.0 108.0 117.0 124.0 111.0 107.0 90.0 128.0 148.0 70.0 119.0 139.0 75.0 x x x 1 x x x x x x x x x x x x x x x x x x x x x 
100.0 90.0 105.0 129.0 100000000.0 92.0 128.0 101.0 117.0 89.0 94.0 144.0 106.0 142.0 123.0 126.0 98.0 94.0 152.0 101.0 121.0 121.0 138.0 79.0 134.0 x x x x 1 x x x x x x x x x x x x x x x x x x x x 
110.0 105.0 86.0 107.0 92.0 100000000.0 131.0 167.0 150.0 113.0 98.0 136.0 112.0 117.0 118.0 131.0 95.0 59.0 130.0 109.0 149.0 115.0 121.0 132.0 118.0 x x 87.0 x x 1 x x x x x x x x x x x x x x x x x x x 
97.0 156.0 103.0 121.0 128.0 131.0 100000000.0 148.0 132.0 125.0 150.0 105.0 81.0 146.0 138.0 90.0 107.0 117.0 135.0 134.0 136.0 122.0 117.0 103.0 116.0 x x x x x x 1 x x x x 106.0 x x x x x 118.0 x x x x x x x 
138.0 131.0 146.0 174.0 101.0 167.0 148.0 100000000.0 145.0 112.0 141.0 152.0 142.0 179.0 157.0 165.0 141.0 155.0 182.0 137.0 136.0 157.0 161.0 84.0 177.0 x x x x x x x 1 146.0 113.0 x x x x x x x x 183.0 x x x x 85.0 x 
131.0 146.0 133.0 124.0 117.0 150.0 132.0 145.0 100000000.0 123.0 130.0 151.0 122.0 154.0 119.0 107.0 139.0 154.0 144.0 128.0 67.0 144.0 145.0 99.0 115.0 x x x x x x x 146.0 1 124.0 x x x x x x x x 145.0 x x x x 100.0 x 
105.0 100.0 77.0 88.0 89.0 113.0 125.0 112.0 123.0 100000000.0 95.0 162.0 124.0 115.0 89.0 123.0 89.0 90.0 88.0 101.0 140.0 99.0 138.0 106.0 109.0 x x x x x x x 113.0 124.0 1 x x x x x x x x 89.0 x x x x 107.0 x 
87.0 64.0 74.0 99.0 94.0 98.0 150.0 141.0 130.0 95.0 100000000.0 154.0 156.0 99.0 134.0 167.0 136.0 123.0 136.0 99.0 119.0 102.0 118.0 121.0 103.0 x x x x x x x x x x 1 x x x x x x x x x x x x x x 
130.0 171.0 135.0 150.0 144.0 136.0 105.0 152.0 151.0 162.0 154.0 100000000.0 116.0 167.0 178.0 140.0 151.0 153.0 180.0 158.0 138.0 152.0 136.0 126.0 160.0 x x x x x x 106.0 x x x x 1 x x x x x 154.0 x x x x x x x 
123.0 155.0 117.0 126.0 106.0 112.0 81.0 142.0 122.0 124.0 156.0 116.0 100000000.0 170.0 125.0 75.0 74.0 94.0 151.0 135.0 139.0 119.0 120.0 99.0 130.0 x x x x x x x x x x x x 1 x x x x x x x x x x x x 
109.0 109.0 106.0 108.0 142.0 117.0 146.0 179.0 154.0 115.0 99.0 167.0 170.0 100000000.0 105.0 166.0 160.0 126.0 100.0 142.0 144.0 141.0 128.0 139.0 130.0 x x x x x x x x x x x x x 1 x x 161.0 x x x x 142.0 x x x 
137.0 125.0 119.0 117.0 123.0 118.0 138.0 157.0 119.0 89.0 134.0 178.0 125.0 105.0 100000000.0 113.0 110.0 95.0 79.0 122.0 133.0 144.0 138.0 120.0 127.0 x 126.0 x x x x x x x x x x x x 1 x x x x x x x x x x 
133.0 169.0 127.0 124.0 126.0 131.0 90.0 165.0 107.0 123.0 167.0 140.0 75.0 166.0 113.0 100000000.0 90.0 112.0 125.0 127.0 138.0 140.0 160.0 126.0 125.0 x x x x x x x x x x x x x x x 1 x x x x x x x x x 
122.0 132.0 88.0 111.0 98.0 95.0 107.0 141.0 139.0 89.0 136.0 151.0 74.0 160.0 110.0 90.0 100000000.0 60.0 121.0 97.0 157.0 101.0 133.0 125.0 108.0 x x x x x x x x x x x x x 161.0 x x 1 x x x x 102.0 x x x 
120.0 120.0 88.0 107.0 94.0 59.0 117.0 155.0 154.0 90.0 123.0 153.0 94.0 126.0 95.0 112.0 60.0 100000000.0 108.0 114.0 164.0 115.0 128.0 125.0 120.0 x x x x x x 118.0 x x x x 154.0 x x x x x 1 x x x x x x x 
142.0 150.0 102.0 90.0 152.0 130.0 135.0 182.0 144.0 88.0 136.0 180.0 151.0 100.0 79.0 125.0 121.0 108.0 100000000.0 133.0 164.0 138.0 156.0 155.0 107.0 x x x x x x x 183.0 145.0 89.0 x x x x x x x x 1 x x x x 156.0 x 
104.0 86.0 87.0 128.0 101.0 109.0 134.0 137.0 128.0 101.0 99.0 158.0 135.0 142.0 122.0 127.0 97.0 114.0 133.0 100000000.0 117.0 117.0 140.0 133.0 102.0 x x x x x x x x x x x x x x x x x x x 1 x x x x x 
121.0 126.0 135.0 148.0 121.0 149.0 136.0 136.0 67.0 140.0 119.0 138.0 139.0 144.0 133.0 138.0 157.0 164.0 164.0 117.0 100000000.0 155.0 127.0 93.0 128.0 x x x x x x x x x x x x x x x x x x x x 1 x x x x 
80.0 112.0 61.0 70.0 121.0 115.0 122.0 157.0 144.0 99.0 102.0 152.0 119.0 141.0 144.0 140.0 101.0 115.0 138.0 117.0 155.0 100000000.0 105.0 137.0 94.0 x x x x x x x x x x x x x 142.0 x x 102.0 x x x x 1 x x x 
106.0 123.0 98.0 119.0 138.0 121.0 117.0 161.0 145.0 138.0 118.0 136.0 120.0 128.0 138.0 160.0 133.0 128.0 156.0 140.0 127.0 105.0 100000000.0 114.0 111.0 x x x x x x x x x x x x x x x x x x x x x x 1 x x 
105.0 120.0 123.0 139.0 79.0 132.0 103.0 84.0 99.0 106.0 121.0 126.0 99.0 139.0 120.0 126.0 125.0 125.0 155.0 133.0 93.0 137.0 114.0 100000000.0 141.0 x x x x x x x 85.0 100.0 107.0 x x x x x x x x 156.0 x x x x 1 x 
111.0 131.0 64.0 75.0 134.0 118.0 116.0 177.0 115.0 109.0 103.0 160.0 130.0 130.0 127.0 125.0 108.0 120.0 107.0 102.0 128.0 94.0 111.0 141.0 100000000.0 x x x x x x x x x x x x x x x x x x x x x x x x 1 
1 x x x x x x x x x x x x x x x x x x x x x x x x 1 x x x x x x x x x x x x x x x x x x x x x x x x 
x 1 x x x x x x x x x x x x 126.0 x x x x x x x x x x x 1 x x x x x x x x x x x x 127.0 x x x x x x x x x x 
x x 1 x x 87.0 x x x x x x x x x x x x x x x x x x x x x 1 x x 88.0 x x x x x x x x x x x x x x x x x x x 
x x x 1 x x x x x x x x x x x x x x x x x x x x x x x x 1 x x x x x x x x x x x x x x x x x x x x x 
x x x x 1 x x x x x x x x x x x x x x x x x x x x x x x x 1 x x x x x x x x x x x x x x x x x x x x 
x x 87.0 x x 1 x x x x x x x x x x x x x x x x x x x x x 88.0 x x 1 x x x x x x x x x x x x x x x x x x x 
x x x x x x 1 x x x x 106.0 x x x x x 118.0 x x x x x x x x x x x x x 1 x x x x 107.0 x x x x x 119.0 x x x x x x x 
x x x x x x x 1 146.0 113.0 x x x x x x x x 183.0 x x x x 85.0 x x x x x x x x 1 147.0 114.0 x x x x x x x x 184.0 x x x x 86.0 x 
x x x x x x x 146.0 1 124.0 x x x x x x x x 145.0 x x x x 100.0 x x x x x x x x 147.0 1 125.0 x x x x x x x x 146.0 x x x x 101.0 x 
x x x x x x x 113.0 124.0 1 x x x x x x x x 89.0 x x x x 107.0 x x x x x x x x 114.0 125.0 1 x x x x x x x x 90.0 x x x x 108.0 x 
x x x x x x x x x x 1 x x x x x x x x x x x x x x x x x x x x x x x x 1 x x x x x x x x x x x x x x 
x x x x x x 106.0 x x x x 1 x x x x x 154.0 x x x x x x x x x x x x x 107.0 x x x x 1 x x x x x 155.0 x x x x x x x 
x x x x x x x x x x x x 1 x x x x x x x x x x x x x x x x x x x x x x x x 1 x x x x x x x x x x x x 
x x x x x x x x x x x x x 1 x x 161.0 x x x x 142.0 x x x x x x x x x x x x x x x x 1 x x 162.0 x x x x 143.0 x x x 
x 126.0 x x x x x x x x x x x x 1 x x x x x x x x x x x 127.0 x x x x x x x x x x x x 1 x x x x x x x x x x 
x x x x x x x x x x x x x x x 1 x x x x x x x x x x x x x x x x x x x x x x x x 1 x x x x x x x x x 
x x x x x x x x x x x x x 161.0 x x 1 x x x x 102.0 x x x x x x x x x x x x x x x x 162.0 x x 1 x x x x 103.0 x x x 
x x x x x x 118.0 x x x x 154.0 x x x x x 1 x x x x x x x x x x x x x 119.0 x x x x 155.0 x x x x x 1 x x x x x x x 
x x x x x x x 183.0 145.0 89.0 x x x x x x x x 1 x x x x 156.0 x x x x x x x x 184.0 146.0 90.0 x x x x x x x x 1 x x x x 157.0 x 
x x x x x x x x x x x x x x x x x x x 1 x x x x x x x x x x x x x x x x x x x x x x x x 1 x x x x x 
x x x x x x x x x x x x x x x x x x x x 1 x x x x x x x x x x x x x x x x x x x x x x x x 1 x x x x 
x x x x x x x x x x x x x 142.0 x x 102.0 x x x x 1 x x x x x x x x x x x x x x x x 143.0 x x 103.0 x x x x 1 x x x 
x x x x x x x x x x x x x x x x x x x x x x 1 x x x x x x x x x x x x x x x x x x x x x x x x 1 x x 
x x x x x x x 85.0 100.0 107.0 x x x x x x x x 156.0 x x x x 1 x x x x x x x x 86.0 101.0 108.0 x x x x x x x x 157.0 x x x x 1 x 
x x x x x x x x x x x x x x x x x x x x x x x x 1 x x x x x x x x x x x x x x x x x x x x x x x x 1 
