100
0 1 2 3 4 5 6 7 8 9 10 11 12 13 14 15 16 17 18 19 20 21 22 23 24 25 26 27 28 29 30 31 32 33 34 35 36 37 38 39 40 41 42 43 44 45 46 47 48 49 50 51 52 53 54 55 56 57 58 59 60 61 62 63 64 65 66 67 68 69 70 71 72 73 74 75 76 77 78 79 80 81 82 83 84 85 86 87 88 89 90 91 92 93 94 95 96 97 98 99 
88 
0.37962 859679.7753 601363.10052 781700.46936 599562.49512 686296.46211 109592.85034 139177.48488 904660.17979 739204.62432 68325.25481 168650.01913 150905.44223 1134253.18324 579409.60437 1068433.85666 505402.20572 629321.05766 648163.95723 441582.2293 424765.69045 442376.30897 791849.72565 707152.35139 553618.7035 754056.37073 198489.36866 393023.95108 1114205.00166 881256.52364 831932.71289 230593.2885 372267.1161 726083.84561 574148.15024 562207.55676 347903.34099 687516.65422 851222.86857 67768.87708 866115.74239 377882.83747 386752.61595 398396.5119 493423.9834 806733.15459 288574.15933 802172.8147 555105.45391 152764.39828 99153.02033 278260.82071 290051.69874 909776.39058 135346.48502 1078349.14523 874680.3742 271860.82222 737421.27745 502833.86843 259702.71454 814259.55107 446848.78584 227232.18519 247491.69809 574378.34343 553522.56124 530273.28396 225519.19034 719163.27055 217572.08634 829629.19177 284312.11874 377515.80538 914817.29742 723565.61969 137705.84154 701322.56809 109937.80205 264040.55614 908131.14394 689383.1854 941886.52088 64014.79321 986969.46037 653055.79061 717979.2683 615238.34346 337746.45122 116566.80599 450520.83291 851562.48086 51960.88463 709339.76476 707095.42091 330474.74986 813402.21547 798296.63863 820914.03978 244799.67341 
859679.7753 0.43844 550919.35828 661206.78962 799269.64267 670108.53343 771200.6743 725210.82952 202118.72257 188602.72866 903348.51122 803427.12198 946771.32668 287729.90928 524641.74794 208858.63286 521692.24115 649824.71055 299821.16135 552881.14154 460147.45535 572695.95707 663272.73004 257368.83396 308093.58656 661638.95888 688708.13751 588074.21432 273159.37388 208454.09671 506716.91633 638945.86775 552707.61482 639774.97776 811505.69036 532220.66017 546268.01113 240172.53631 394827.86154 884605.54536 153152.1026 483416.99406 863694.29931 879424.71649 724180.36344 695937.3924 591958.32834 86919.78702 672202.02615 731319.04465 764868.79791 621099.9621 636734.31197 205778.08108 805196.07282 234567.04279 569147.38397 696418.58729 287238.15784 436540.57918 911082.94145 67667.41546 623116.48117 666703.04381 675408.18892 548362.70168 759947.55415 351665.35113 821407.90232 251881.72459 856400.25996 166932.34724 877779.49017 853446.14121 312086.76546 512789.65285 727907.15438 672367.56387 953794.78494 793718.69697 135014.30143 285045.59416 363562.38483 824446.29433 129135.33843 596647.76157 158913.79945 427469.76 714212.78348 765879.89871 498852.81294 810510.40186 883558.3057 320425.93302 246270.86691 809064.27185 263581.29728 442874.08017 308308.37959 658243.3833 
601363.10052 550919.35828 0.69273 959045.00134 249285.23711 143078.61237 579848.63702 529968.68614 456338.52784 580168.30999 668244.99463 455078.12015 598456.23314 724411.24631 728639.29938 711912.11725 110914.25598 102928.89251 255307.78079 638419.79797 282978.45852 659097.8381 211203.57513 293956.31906 420888.86849 943057.31722 409920.06278 630126.4418 699172.53513 429660.81012 237890.8843 501727.2384 252638.96753 911644.73025 264696.74812 721564.55995 520960.75875 312871.77039 296952.23426 581609.92213 451775.80614 418255.1536 380710.01399 391403.62057 199855.65343 236664.8455 349484.65915 464084.70611 127953.06778 451455.46686 511989.92098 337617.40042 314839.92199 459266.13957 642449.89635 675031.63789 273778.54193 332107.31128 663304.19089 194229.00535 493109.7553 555274.35195 709376.32741 554288.53718 354666.8309 27744.56043 215588.72475 292447.62604 430616.70297 300629.88632 464154.30181 414952.06922 446297.46044 374891.95268 402581.48736 127067.61499 534527.56405 918450.84239 642988.65945 386051.97733 503830.87138 617134.02859 405764.90836 609583.76041 634774.84207 835545.09835 514242.91171 124285.71804 706718.31973 579352.63471 191681.2385 327504.4377 648963.96168 666211.62698 304703.65123 358368.00427 338118.738 224119.86067 315686.9981 563179.60551 
781700.46936 661206.78962 959045.00134 0.24234 1141214.26514 1101751.64936 675501.02468 670086.70756 850444.58316 481410.6996 773699.62486 860058.67362 930042.74854 900512.32865 237387.18396 791514.53994 861826.53971 1053610.79625 761784.90865 365471.69175 688936.41404 354858.15092 1154139.98764 774944.08663 545802.62717 28957.70379 752293.72914 403864.00246 897079.00237 847080.64932 1059609.91719 600965.61424 766645.90689 56108.73439 1134288.14216 249156.70518 497884.99727 736054.67413 983094.76261 844372.84665 794646.59224 568745.94346 1051643.83684 1068868.2351 1023785.37533 1184805.92722 710720.42825 691015.11712 1024372.61104 762484.68661 742353.65767 749308.02595 786730.99645 855174.93314 651795.47645 861510.59127 1126612.61744 839450.27401 375470.76921 765222.92089 995305.42373 595788.47705 336258.07969 572733.88056 791710.82203 938392.83516 1086967.22223 670070.29701 915338.90798 780374.10762 934242.93281 786896.43031 992945.40759 1039174.2638 944909.21891 1005686.76198 668501.92105 86879.32361 888667.70607 921324.04359 793374.42731 392735.41616 996233.14827 718296.2815 751078.42608 135260.97737 540332.34046 861714.38684 447851.3556 668726.94061 785265.19355 1285600.24387 764286.35388 346936.46424 763443.38343 978330.68452 858256.55313 993515.09544 899002.09634 553222.89799 
599562.49512 799269.64267 249285.23711 1141214.26514 0.33252 175668.63196 623346.87802 584736.69052 700441.76017 813017.44822 666652.18899 431004.25249 534424.31637 967395.82652 904178.64757 960111.81657 297837.08538 160211.29066 501025.27559 790609.79136 455292.27805 807942.77292 274800.67909 542925.15503 633043.40259 1121453.30931 455667.70867 768571.68447 941903.99894 674183.99663 420238.39562 595729.89162 375509.38274 1089437.0915 32212.24084 893726.13146 658982.35015 559880.9948 516853.23941 554612.28942 699701.67588 573424.28707 243412.38018 242944.8125 121339.40343 269783.84128 447586.6369 712610.47745 129560.30432 479748.4068 537560.56102 415851.13551 379015.6911 702932.78053 687185.0911 919779.19926 419083.63059 351390.82797 885927.91626 400632.96365 394846.31045 800150.7164 850025.66573 645358.48052 396804.72161 251182.3059 54858.17993 508402.22753 378664.62409 549832.12457 398965.05952 663481.93939 348366.11564 246188.51815 633698.16187 331427.43613 589030.55475 1088012.49114 597224.08808 336299.48903 751566.43987 836425.04873 626016.25734 632449.26224 883717.65398 1009899.50277 750427.09554 371803.61151 812014.93089 625668.80203 361993.30574 266585.4316 651520.28007 882921.21065 553412.81883 273857.081 582637.12181 438478.25845 555043.13109 660117.50879 
686296.46211 670108.53343 143078.61237 1101751.64936 175668.63196 0.44251 683181.97253 636592.65344 545768.77075 717267.72427 754577.44768 525491.16384 653989.10838 808540.68876 870450.02509 811818.12459 244573.12991 58227.18065 386028.68194 776192.14884 420822.32639 796320.31072 111134.48798 414403.51362 563734.19538 1085481.15735 509265.94359 764845.30953 782899.05968 520579.62417 245489.73957 621894.05062 374108.07032 1053983.46226 204072.5974 862961.34339 654506.05868 439723.62186 348376.93213 654676.80308 553200.58321 554597.81921 388427.09319 393338.31086 207275.05198 120685.43965 466719.58187 583590.52714 132274.81738 545116.23982 606433.49224 446768.04978 416978.67289 547583.29801 747408.67616 763767.94326 244436.68349 415758.85569 803699.71774 336555.67808 527768.77528 682423.16009 845153.97483 674450.75111 449853.97176 163644.13144 175682.69783 435399.1926 486481.51535 418679.70642 514915.18282 519954.23348 479262.96506 387068.16609 468274.09422 167508.0637 641154.50319 1059963.28903 708510.23161 440543.80317 603705.75245 758446.2234 455736.80251 705207.02301 739742.36968 977445.6521 649983.62688 257280.73248 833275.00282 683776.5399 325807.10474 187865.7015 736752.96725 807859.22611 426385.21367 393184.01523 430912.0909 270390.1059 397600.58259 685412.44967 
109592.85034 771200.6743 579848.63702 675501.02468 623346.87802 683181.97253 0.86114 52542.48267 833442.70063 640198.73032 133177.59125 215127.29433 254569.67085 1051271.48052 469964.17674 979899.02706 474813.30949 625002.28448 584299.63705 331990.22778 361141.23134 333001.59382 782394.45917 640977.88426 463148.34952 648213.41763 173982.77 283515.32602 1032335.1152 811448.86924 798788.74392 132463.67968 332438.73782 619642.48256 601837.04041 452809.18997 242905.50303 617147.25242 803168.14741 168922.97269 791131.68859 288195.22047 439021.4932 453356.13766 507810.93224 801166.88966 237254.25246 719575.02303 557049.56678 143601.54629 88680.13421 242321.36492 267123.07775 838730.96256 64524.17102 995573.4616 847720.7588 273767.17987 632292.52794 450796.39458 337185.10423 721991.49573 339582.73355 118924.9233 233860.7473 552136.13795 572638.10744 458448.4532 277570.69698 652888.28189 283038.08453 756275.42423 349634.6418 428056.29274 854836.67524 694670.1816 48402.79551 596628.84224 219522.57925 304188.10104 830112.72004 585373.23563 886371.62655 54743.08359 899760.40025 545426.68454 624074.25026 571761.75923 237592.6313 6976.61796 407788.55521 859510.5028 114464.82983 603096.25137 639275.92297 372520.77507 750586.86985 757872.94503 763227.48883 135757.08091 
139177.48488 725210.82952 529968.68614 670086.70756 584736.69052 636592.65344 52542.48267 0.12949 782608.55154 600303.68086 178506.73314 196748.67031 267978.13273 1003407.76462 454471.5763 934061.04732 423922.31 578365.57593 532297.80257 314946.93438 308846.45975 319444.97814 734155.71272 589269.23784 417699.86801 643653.39134 129879.60538 269290.12046 984113.85695 760368.55418 747040.75581 91444.11901 281000.88195 613982.96478 564739.11129 437871.18905 210174.75305 565989.25885 750634.12803 185176.75369 740989.14632 241849.49 414017.48955 429362.51845 467080.59236 753684.78587 185186.06325 671364.20374 512322.09249 109288.09381 72339.83071 192453.88473 219627.10825 787870.84844 112507.56799 947616.13448 796582.1177 233375.11155 598919.70963 398266.13357 328055.08933 677762.91614 334536.67482 98029.38693 189978.78312 502228.41857 532853.67259 407292.59449 257497.69256 601201.72489 269397.51604 705774.10196 333289.59689 402461.42216 802667.59517 643488.48302 4575.73667 594498.40162 245651.10954 277429.7178 780701.6401 550508.35096 833957.71594 100210.00213 853333.03699 537297.28575 580673.37648 519449.96768 248041.11679 50357.51348 355764.04132 815097.56385 158461.03062 571517.71189 587771.10648 344384.81173 698604.16873 705609.11295 710881.85247 117423.61421 
904660.17979 202118.72257 456338.52784 850444.58316 700441.76017 545768.77075 833442.70063 782608.55154 0.83132 369055.77807 958600.41082 812533.7356 963019.04314 268104.85042 687495.08294 268634.73312 468859.09356 541156.7039 260813.67079 684281.29734 480153.3753 706187.43878 511844.19727 200446.00391 401126.91944 847994.53266 713846.60058 709515.50803 242956.29471 26904.13892 338707.27463 707594.25315 550360.62224 823694.65579 719309.17672 691720.75278 641255.4604 217189.3324 218252.05598 915005.78603 56288.62691 553798.55916 818445.23593 831933.82112 651929.68893 542763.56657 617800.4555 160684.53918 584291.507 760006.73759 805680.16233 636582.20225 640517.81309 5509.59478 879146.78596 219338.71373 393372.64069 691369.27638 475405.09164 416193.91785 897695.7352 259101.72672 760613.79267 746423.55871 684167.75241 463737.73414 671601.04314 375477.73308 815205.11452 188672.87476 851395.13129 79171.07096 857282.63551 810159.53404 113394.95962 378458.97153 786156.74105 852202.86532 984471.28341 779221.5048 73626.42111 460886.82775 163100.29441 882290.44479 206093.12718 772052.52569 314596.0166 349380.41376 830668.67235 829352.1338 478924.40774 655624.5111 937997.66751 503885.12065 198547.16856 777227.88251 118231.24685 284621.15256 148355.9455 742838.97625 
739204.62432 188602.72866 580168.30999 481410.6996 813017.44822 717267.72427 640198.73032 600303.68086 369055.77807 0.87759 773186.60902 716035.62942 847086.85309 465353.08272 336777.79604 369557.67984 516091.08842 683068.22473 333604.88251 378996.95221 395557.38098 396914.48811 738807.92427 323462.72944 203621.91967 479155.88848 593953.34325 419597.80231 454364.13222 366022.96015 610514.56946 509420.03715 495897.65602 455498.68882 818045.55407 345103.78051 400536.3944 288306.10394 517287.79895 775253.91793 313240.47114 366209.63935 822558.46325 839618.68325 716823.33386 771542.15862 504508.25925 209917.32188 683680.97733 630697.36622 651943.55714 540463.22181 565469.08578 373814.93244 663703.03411 415906.8028 677345.61954 628426.57051 107441.9714 415020.6763 838635.35657 120947.45845 443942.21011 526390.70146 596400.24727 568688.68508 765708.40949 308654.81418 746712.72224 325201.05341 778905.86484 307122.09339 813204.13078 810994.07098 465485.19572 583171.57429 602154.86121 486005.14853 841811.72515 728017.07599 314377.12342 96442.92797 517310.01021 694880.92858 303658.87172 408734.84697 69372.87556 459989.84934 545339.44872 634108.96302 465976.95456 882795.10037 754656.01138 135017.08657 310757.66951 758368.77355 386253.9315 543088.17502 429714.55038 514426.29477 
68325.25481 903348.51122 668244.99463 773699.62486 666652.18899 754577.44768 133177.59125 178506.73314 958600.41082 773186.60902 0.24089 235703.1421 186418.19181 1181898.91494 585046.7342 1112156.80447 570698.95414 697549.61423 704818.77492 451351.41109 480635.19313 448695.45924 859948.25549 763011.42559 595501.58039 745399.48812 262000.91825 401425.45286 1162546.34678 935819.79409 897432.72547 265409.16963 434989.55777 718982.24964 640797.21798 567509.15295 374568.39765 741514.43968 913450.13508 119322.14186 918158.86949 419946.74657 449337.43668 460067.84854 561490.94567 874985.37975 347318.30505 849823.148 623427.43736 217611.50502 159574.95377 340905.50591 355383.78141 963803.1502 124278.77698 1126098.07706 941200.62455 339828.3571 762635.69424 563067.08917 314463.96867 854873.87975 444640.42898 248795.91468 313743.13289 641118.73855 621171.94895 583177.2606 290434.86578 775004.85757 278910.22184 882448.32974 344060.88213 440666.38378 973400.72362 789625.53575 175596.00114 690631.32775 124246.2394 330558.59577 958594.13699 716629.04957 1002026.1604 78972.35643 1031645.78895 649636.50279 757124.74861 678182.12155 325848.59768 139117.53302 513037.29272 919689.57006 20670.84273 732369.98434 762261.02425 395998.19528 870790.56901 862311.12367 880169.64707 263507.71701 
168650.01913 803427.12198 455078.12015 860058.67362 431004.25249 525491.16384 215127.29433 196748.67031 812533.7356 716035.62942 235703.1421 0.34785 151126.26306 1060386.46424 635563.01678 1008028.76952 371864.86817 469870.09223 551743.48481 497408.80838 344064.79957 505652.37603 633581.7416 612112.28785 514925.72215 834469.20812 123219.06706 456236.49815 1038311.65119 787253.25043 691590.04487 259815.4828 262180.04095 804039.64036 405502.0994 619978.85328 373812.13662 600265.99644 726730.83071 129215.97146 781542.88544 354625.94422 225071.1016 238780.03783 327136.04398 646165.48942 213302.98047 734294.33445 393298.31989 98252.00651 127965.50621 182357.35749 172098.15188 817246.5632 272674.60324 1004879.90104 728155.6966 126520.1962 738807.09331 396719.6757 135931.78866 768796.63809 527327.39995 289365.81068 129405.25394 429543.65278 385642.77636 454055.26493 62464.52932 623861.08706 74186.19511 743030.40343 136554.44251 214621.33666 804862.09003 581107.71547 199572.32528 787304.75765 187918.59299 95593.16435 828281.57279 687106.65211 825269.42973 208116.63807 924877.15816 725660.18167 680125.43676 491632.36961 444516.69424 219758.80677 335660.7397 685262.34828 220605.44123 717567.06981 614764.76948 163104.71881 709854.9108 666030.33894 709675.26441 308664.0735 
150905.44223 946771.32668 598456.23314 930042.74854 534424.31637 653989.10838 254569.67085 267978.13273 963019.04314 847086.85309 186418.19181 151126.26306 0.38709 1208589.25791 721435.74621 1153102.81865 521012.48562 601272.443 702209.2814 582175.03329 490485.87713 585270.12507 764414.60601 762573.61469 650474.55453 902689.30675 258102.42098 535262.29353 1186856.04313 937879.64085 836201.72776 354576.80545 412764.74521 874204.50697 504963.12713 704592.3955 475203.26372 749727.4826 876226.05586 85672.44565 931064.3538 480969.75872 296406.72808 302846.18498 448069.00902 773516.76438 354977.11461 880446.47112 522632.54079 217111.5797 201139.65281 328860.86876 322567.81472 967775.27929 286133.58654 1152919.6455 869122.06102 276671.03857 858556.75224 547585.37517 145422.08729 908624.58405 594137.80011 364829.73993 278897.20588 574007.54771 497365.58542 600606.87926 168965.35197 774370.36501 139110.33914 892761.82194 187373.30375 290807.3886 955888.1511 725376.30622 268323.20939 850699.68455 70603.5398 214786.08029 977152.70161 808332.91284 975775.45952 214813.09586 1070187.09612 799830.34327 816772.83343 641944.56428 488259.79349 261378.21154 486774.46705 798805.60423 184385.28559 833607.65188 764941.34306 263521.01777 860947.85416 813823.47724 860698.95269 383751.64598 
1134253.18324 287729.90928 724411.24631 900512.32865 967395.82652 808540.68876 1051271.48052 1003407.76462 268104.85042 465353.08272 1181898.91494 1060386.46424 1208589.25791 0.54244 799756.11879 110135.25369 732866.94494 807582.03304 514934.31197 839366.6711 718346.73927 858697.85709 762672.46539 456288.58454 590877.64808 906721.8773 953104.96022 875542.10088 25649.71566 294870.56274 584187.00154 919977.77087 800093.27509 889728.55206 986905.21607 809250.18787 832422.87372 461478.13109 465605.41407 1153092.27405 282712.52318 763266.39152 1083526.34746 1097463.80293 919738.80714 791510.20368 855535.82933 332182.25501 852362.42947 997851.31578 1037105.76321 879728.66567 888990.76685 265150.66383 1088645.70442 55916.33157 627181.4752 943999.10886 547269.23933 669971.52866 1154889.66914 349774.19756 907876.93427 950751.38446 930983.98458 731715.84345 939545.46241 608499.08801 1069330.1021 445553.26005 1105320.53505 321998.02504 1116518.65484 1074834.8549 344150.53368 641198.29799 1006409.26426 927578.55933 1222805.9247 1036027.97574 233059.25007 558997.77026 371771.46685 1103438.43585 161884.88612 859241.01748 446349.16641 616016.42356 1001767.37792 1046292.29529 733974.25678 900204.7273 1161734.28859 584636.74639 450913.16056 1039156.22099 386295.41711 540487.69448 412543.68158 943251.2077 
579409.60437 524641.74794 728639.29938 237387.18396 904178.64757 870450.02509 469964.17674 454471.5763 687495.08294 336777.79604 585046.7342 635563.01678 721435.74621 799756.11879 0.03603 699086.64946 628232.54294 820672.85535 551100.39459 139556.63319 453632.85601 137093.50561 928996.50902 574619.78818 329265.40245 217358.56795 522364.83186 186495.58768 790064.8258 678298.39549 849069.77591 376136.54577 529327.75564 185376.81819 896965.84853 17628.39439 264978.1567 535794.72303 785587.98479 636793.45369 631503.85327 331369.79067 818091.99317 835463.84369 786461.0695 958741.51216 474700.94313 528159.76535 788534.5371 537313.2659 525201.52915 513726.93497 550818.7407 692737.81161 460865.03096 751816.52266 914985.52025 605100.95162 256990.53846 534425.04528 771494.05764 457261.77378 148780.22305 356761.99484 558094.89724 706805.89382 849836.63013 445551.38544 687845.33429 581998.94654 709437.58143 614821.9072 765102.95264 805593.81766 767205.57307 785055.77971 453689.73351 190132.03838 689158.98743 690303.72943 643231.55367 241138.0448 816085.53414 518975.07425 638980.82942 107035.09185 375335.79642 638447.95261 275391.65581 462990.55936 550240.69114 1056099.37138 571959.74513 218486.79834 564416.65216 744950.47869 670570.56047 785101.80539 707057.24832 337709.29508 
1068433.85666 208858.63286 711912.11725 791514.53994 960111.81657 811818.12459 979899.02706 934061.04732 268634.73312 369557.67984 1112156.80447 1008028.76952 1153102.81865 110135.25369 699086.64946 0.59357 703667.21141 802948.59645 479672.88301 747839.82184 663969.22834 766218.44714 780394.15417 425702.92868 516751.09417 798310.08775 895350.15501 786605.02943 112742.67686 292291.41523 605908.00071 847568.53165 752736.7308 782004.06475 976608.5827 709463.5129 752528.40342 421652.77734 485018.35541 1092487.34109 260426.17026 692249.44019 1052742.51307 1067669.40669 899777.32373 811149.89642 798138.12347 274387.02978 838700.46546 938591.66835 973313.21585 825775.77765 839148.13023 267805.12347 1012981.89629 87799.02795 657188.04993 897228.34955 443922.9282 629069.46934 1111070.40158 261708.87027 813462.02118 874352.18908 879192.83942 715090.46261 926990.53726 554135.06744 1022775.79781 416586.44133 1058248.5113 297009.33812 1075565.12911 1043202.36837 369208.0148 645288.77255 936746.85158 820591.67319 1161830.3786 992727.7668 208750.99856 460035.87005 408140.71176 1033238.58425 83254.79849 754056.91295 360906.25651 594990.28377 912869.87653 974533.11139 692888.22972 923556.07013 1092390.53527 481892.58183 417706.25646 1002738.60351 380907.82691 553250.86145 416225.01834 865322.04737 
505402.20572 521692.24115 110914.25598 861826.53971 297837.08538 244573.12991 474813.30949 423922.31 468859.09356 516091.08842 570698.95414 371864.86817 521012.48562 732866.94494 628232.54294 703667.21141 0.09262 192575.60289 224475.97136 531628.84496 176348.54011 551823.22664 322058.76897 278607.69375 336603.35139 844469.42249 309198.70967 521172.17633 708632.83254 442136.51668 326741.568 391469.75151 143678.45513 812749.91608 301961.12068 620072.49198 411371.33869 283725.31271 355218.63989 493080.56301 450931.24523 310178.19541 350753.91672 364994.46712 204129.79905 346903.20431 240863.34576 437764.72143 169815.99568 353122.33845 412079.87179 233040.32031 215396.89637 472803.82511 536340.88726 679979.20813 372995.55592 245398.32572 588302.63961 103017.82351 434360.05809 512779.48456 601068.98448 443929.5524 258286.31268 84292.89077 249617.74446 210647.63177 359155.20064 288518.9248 394788.73516 411835.9519 391389.88273 341968.66363 440928.70157 220096.07857 428443.90278 817038.09126 558033.77571 318436.19184 502264.36114 539194.38443 456348.12647 507863.82779 622418.6687 735254.39017 455079.60547 123799.07791 595831.24861 473855.00598 81653.09997 432297.28354 550848.97857 586318.01232 286022.00463 308896.52262 355539.80483 294869.00286 346635.99292 452501.26687 
629321.05766 649824.71055 102928.89251 1053610.79625 160211.29066 58227.18065 625002.28448 578365.57593 541156.7039 683068.22473 697549.61423 469870.09223 601272.443 807582.03304 820672.85535 802948.59645 192575.60289 0.60337 357155.98835 722980.12985 368652.82945 742777.4636 163804.48662 392465.22625 520513.65488 1036625.84525 451110.74815 710200.17246 782056.25666 515086.14478 268462.82925 564311.0441 317309.44968 1004967.75674 182670.56286 812624.78936 599596.44834 413782.19996 357845.68082 599080.49729 542652.2192 501074.26922 345149.71384 351857.44309 159162.61378 177500.57572 409084.68061 562907.3882 78967.52271 487236.78517 548579.18024 388652.13152 358751.77035 543514.88638 689209.85617 760450.33499 280364.90446 358277.42635 765415.72173 289314.19696 478838.80654 656749.18415 790853.88203 616814.47562 391777.23885 117077.53109 142696.01547 392010.07031 432946.93949 398199.75416 462484.79282 507350.10364 430370.57323 342499.10812 473686.83262 172207.54546 582927.49962 1009603.29468 654190.78795 386941.87393 594199.68205 718718.0814 467484.53845 647369.27512 727972.41517 927705.64878 617163.64496 226053.78021 776371.36535 625575.1375 272609.39218 243252.36645 679561.6135 767478.18597 403755.45085 343021.56163 423764.56186 279697.23048 395082.96816 627998.07942 
648163.95723 299821.16135 255307.78079 761784.90865 501025.27559 386028.68194 584299.63705 532297.80257 260813.67079 333604.88251 704818.77492 551743.48481 702209.2814 514934.31197 551100.39459 479672.88301 224475.97136 357155.98835 0.09381 501073.6043 224208.39766 523743.75433 406394.5451 60370.46682 221974.8995 750776.29307 454544.75564 512320.3147 491577.26847 235767.70305 298628.08844 465301.66896 289563.5892 721290.41896 512147.81643 549031.74524 422535.69742 59759.30972 243025.08038 655365.97451 232493.99818 321871.77324 573162.60001 588010.8364 424858.7563 438916.44127 359798.3303 214350.48616 372969.2219 500967.90776 549013.02624 376450.27962 379707.1043 265567.67303 635011.22986 460672.63768 365241.25652 431299.61855 426992.41402 155963.12312 640226.8221 299997.42312 579185.02235 509689.85665 423379.16382 249866.90831 460380.98246 132449.828 555864.80196 72172.78718 592003.06852 193310.85332 601586.20336 563748.99945 270960.23208 251367.47037 536151.74263 737649.62623 724622.04543 521395.18983 282100.00726 386840.11772 306139.48358 630422.51586 398067.13443 652887.8342 265170.91603 131141.56146 620956.44537 580868.8906 219526.7405 549350.48796 684148.47122 437328.62649 64049.69213 525109.1579 166307.48864 234008.65861 182450.78215 509674.36186 
441582.2293 552881.14154 638419.79797 365471.69175 790609.79136 776192.14884 331990.22778 314946.93438 684281.29734 378996.95221 451351.41109 497408.80838 582175.03329 839366.6711 139556.63319 747839.82184 531628.84496 722980.12985 501073.6043 0.12081 355677.17762 22696.598 846173.31379 537420.29324 288638.73002 341510.06265 386965.72457 50128.78878 825898.7274 670120.80267 789476.67616 237606.60803 416017.05835 310097.3338 780483.38421 123175.98652 133931.71004 500859.90408 743696.47002 497780.53645 630768.06417 221947.47518 686422.06074 703591.03398 670518.78487 873940.24816 349039.92553 533979.18979 681998.84193 399261.35265 385661.55528 386482.87287 424335.84844 689757.87164 328164.20517 787258.65163 852688.05635 474874.35758 332823.80236 448049.54169 633260.42673 489620.68899 78326.65353 217366.22957 426751.25101 614172.28593 735792.18781 377850.6115 551020.76366 546850.3867 571471.80263 606566.558 628526.92163 673968.93545 747015.47147 712096.67138 314210.70904 300583.66654 551501.41859 555895.57748 653229.50971 297022.43678 791939.93634 382352.59305 677828.93045 230220.08508 394135.46232 564638.36586 167784.11525 325015.6542 450519.09115 963910.10659 437103.37853 297345.11392 529395.26243 613089.52941 643664.94688 729785.3793 674029.52783 198444.86006 
424765.69045 460147.45535 282978.45852 688936.41404 455292.27805 420822.32639 361141.23134 308846.45975 480153.3753 395557.38098 480635.19313 344064.79957 490485.87713 718346.73927 453632.85601 663969.22834 176348.54011 368652.82945 224208.39766 355677.17762 0.75076 376183.19937 492262.8886 282546.20078 194131.90073 670616.04798 235208.81248 347726.76126 696901.38338 456536.64133 458967.95948 248577.84789 100354.03326 638746.90747 451886.69391 444824.28231 240013.30614 263287.48052 445775.18419 436170.82333 443491.32185 135525.67261 427207.45951 444364.47394 342770.93414 519181.17122 138056.95888 390328.61732 335490.9585 280732.12781 325672.1109 161946.37133 176974.58283 485224.68626 414254.98118 662601.74185 516475.85733 238101.8534 446390.12247 100044.65214 452541.0978 429570.92015 426481.27239 297284.16292 215374.64106 258498.20239 402146.6292 110156.38114 361917.01704 294552.96515 396549.06836 406158.48251 422273.90898 415554.36334 493902.95359 367467.95519 312811.53287 641565.78208 505872.07085 337137.60303 487873.96147 394446.26832 525377.08185 406345.2728 580812.36904 560493.76174 347967.56435 225765.96388 432879.67385 358022.37007 96643.95614 608369.24334 459966.13264 436978.06068 282330.04391 363004.71553 390353.30369 408859.30697 402099.65132 301099.83575 
442376.30897 572695.95707 659097.8381 354858.15092 807942.77292 796320.31072 333001.59382 319444.97814 706187.43878 396914.48811 448695.45924 505652.37603 585270.12507 858697.85709 137093.50561 766218.44714 551823.22664 742777.4636 523743.75433 22696.598 376183.19937 0.74099 867287.77685 560096.23271 311183.67404 330008.98827 397861.09367 50155.60206 845532.8707 692212.6501 811845.3198 246167.33736 434099.4797 299039.55435 797241.17091 119832.92888 149413.74429 523503.3304 766385.3549 500334.10336 652513.94855 241752.54101 698743.55715 715800.80007 687526.37426 894879.44363 364412.4879 555255.00137 700661.97131 407825.02778 390980.90979 401179.61047 439154.70129 711658.68124 324756.27573 806882.29695 874940.72139 488184.02967 346463.38341 469358.06225 641233.46845 508929.13505 55644.78984 221421.72544 439717.17136 634650.24585 753094.96275 400270.07154 560490.86693 569511.23986 579826.1223 628606.63813 638093.27561 686326.07481 769506.30848 733945.17624 318393.13281 286693.74796 552086.61319 567018.37776 674448.92031 312778.20354 814521.0167 381896.35584 697013.49016 220059.09142 414158.31163 586570.32253 153504.87644 326031.95213 470533.18622 984113.6308 435229.06236 310182.43358 552049.72282 625424.96242 666248.71469 752292.61888 696697.97994 202100.62179 
791849.72565 663272.73004 211203.57513 1154139.98764 274800.67909 111134.48798 782394.45917 734155.71272 511844.19727 738807.92427 859948.25549 633581.7416 764414.60601 762672.46539 928996.50902 780394.15417 322058.76897 163804.48662 406394.5451 846173.31379 492262.8886 867287.77685 0.66109 419378.86076 608918.99578 1140012.90785 609365.8394 839979.43474 737166.93973 489121.55908 178809.82762 711548.40294 461949.41208 1109147.10822 305690.83634 923219.75652 731456.97564 451442.22668 297568.94595 762774.96919 530272.48348 627788.25265 498718.51752 503024.0849 318381.94956 32941.28011 557818.65537 579611.65743 241847.31259 647472.30966 708814.29798 542179.08657 515274.15961 512589.03099 846069.03309 722776.99417 152631.41847 520169.88089 833312.08794 398320.17634 638903.23508 686329.92753 918514.69384 764203.45365 551059.11798 237934.79723 284099.51783 484416.89581 596437.71768 420549.69016 625427.20893 502065.87295 590397.37959 497702.23038 418590.96303 155677.58969 738731.44913 1119108.28428 817947.80705 550444.16835 577378.92666 792030.10841 395172.64481 807528.70625 714912.0156 1035172.49135 669705.17853 292537.99541 917889.45833 782507.39865 402796.20011 147254.1126 841669.08232 842385.45881 432113.46276 504219.56813 406325.17464 227385.21482 366069.06352 773634.23198 
707152.35139 257368.83396 293956.31906 774944.08663 542925.15503 414403.51362 640977.88426 589269.23784 200446.00391 323462.72944 763011.42559 612112.28785 762573.61469 456288.58454 574619.78818 425702.92868 278607.69375 392465.22625 60370.46682 537420.29324 282546.20078 560096.23271 419378.86076 0.99803 250601.2192 766025.24462 514366.78956 552939.3873 432634.44177 175490.93918 288589.26587 519583.74392 349932.78653 737608.24753 556431.48907 574278.9793 469046.27054 39048.1635 210971.53844 715334.52995 173576.06372 371906.00668 629013.78568 643487.88285 474616.34461 452311.97179 419122.93007 170449.05665 417256.95821 560714.02334 608009.07077 436547.45535 440077.43888 205211.34472 690241.60498 402507.7728 355810.99264 491468.59281 424147.98894 216112.2774 699688.9194 268992.3797 615740.99925 562360.21345 483731.67148 293005.85331 505491.39663 184211.2092 615840.74579 12010.9232 651999.51253 134290.55969 660523.57645 619917.91444 217752.81586 264325.47966 593032.50166 757273.34474 784663.24888 580919.43645 224144.93245 389461.06597 257394.1268 687984.56716 345432.35433 672926.31882 254143.10852 171707.58188 665970.11013 637339.47996 279394.82827 565573.74002 742349.53322 439556.57332 12791.83576 582927.74149 111573.24229 221268.12132 136675.62014 561234.60918 
553618.7035 308093.58656 420888.86849 545802.62717 633043.40259 563734.19538 463148.34952 417699.86801 401126.91944 203621.91967 595501.58039 514925.72215 650474.55453 590877.64808 329265.40245 516751.09417 336603.35139 520513.65488 221974.8995 288638.73002 194131.90073 311183.67404 608918.99578 250601.2192 0.24748 532863.70851 394208.11412 309311.71475 573227.65201 384822.08016 519833.92241 330853.58048 294223.11117 502626.14868 634001.96721 327060.4302 243949.57449 213074.92338 460088.72589 582851.6829 350203.75086 175932.35743 621075.69454 638300.43106 528105.46992 639973.77874 302187.9034 263139.0391 506307.93828 433363.13817 460970.95064 337315.46917 361847.83808 406636.48912 497910.22489 535654.56799 585891.10631 424806.04336 254637.99965 233825.12846 635455.54984 260706.9121 366717.35025 359873.87879 393291.4639 403443.75961 582468.13195 128544.43613 543572.93357 259415.20542 576173.8569 322224.12776 609589.49409 609327.84366 458442.04039 459943.62854 420274.87794 516821.64161 651126.39623 524395.55974 380177.78675 203868.0236 503372.73338 516554.27683 436865.68365 432059.06002 166319.73521 316391.46907 429543.10215 457798.26868 273973.65719 743458.82005 575827.41803 249892.19315 241817.05365 555659.29574 355116.95368 455906.2759 386606.86795 352646.86181 
754056.37073 661638.95888 943057.31722 28957.70379 1121453.30931 1085481.15735 648213.41763 643653.39134 847994.53266 479155.88848 745399.48812 834469.20812 902689.30675 906721.8773 217358.56795 798310.08775 844469.42249 1036625.84525 750776.29307 341510.06265 670616.04798 330008.98827 1140012.90785 766025.24462 532863.70851 0.51842 727818.51765 378554.16521 902490.63338 843725.00741 1049125.25011 575809.32944 746379.81448 32024.95441 1113945.62582 227938.17434 474628.22749 727033.00552 975166.67849 817017.29581 791970.43126 548313.89635 1027932.11639 1045097.21086 1003450.57515 1170410.77881 688337.64488 687923.25034 1005768.47795 737108.58981 715965.41101 726646.64685 764221.62602 852817.87485 623731.54939 866451.86904 1115955.5407 816163.92004 374680.91633 748956.94447 969502.03595 595492.29637 309390.86365 546549.36636 768196.68117 921939.3763 1067060.09941 655615.53535 890207.06327 771834.27546 908636.54429 782821.90489 967822.53344 1015478.7803 940395.19694 992722.55681 641992.04117 58030.52365 860764.74393 896947.31304 792598.4708 388159.45988 991425.29411 690554.85983 755227.26146 112223.36612 535912.19552 847890.89672 419575.17765 641464.73149 767140.19882 1270082.39304 736144.60082 344162.84691 754733.99021 954599.44593 851841.07763 983409.60104 891935.20382 527046.50353 
198489.36866 688708.13751 409920.06278 752293.72914 455667.70867 509265.94359 173982.77 129879.60538 713846.60058 593953.34325 262000.91825 123219.06706 258102.42098 953104.96022 522364.83186 895350.15501 309198.70967 451110.74815 454544.75564 386965.72457 235208.81248 397861.09367 609365.8394 514366.78956 394208.11412 727818.51765 0.80892 350199.97796 931877.60431 689604.96443 635869.36281 154642.05803 173785.58831 696688.37847 436567.52747 507557.47337 257715.95835 497808.03881 652737.10001 201209.96391 678537.46027 231410.73137 302633.13168 319317.365 337358.42359 627560.71183 97588.05986 623408.62431 383276.03433 46612.43828 102885.27752 79916.65326 95082.63486 718813.26643 238368.97904 897287.16988 681168.06795 104581.01398 615619.87743 305556.62624 254921.83631 650893.47944 426567.54205 196904.2815 60200.41504 382402.17716 403355.73455 344627.94387 166644.06247 526342.46023 192472.59642 640950.3146 243155.79622 290382.18488 718233.54536 528853.73041 134311.71574 683692.98252 270814.74416 169166.88146 723069.72197 563891.83501 744099.34282 199664.02333 812555.51053 617104.26693 560165.72292 416786.87119 363284.98294 174845.84108 252043.48317 685929.37686 241931.46058 594661.04259 515353.93715 229791.37039 618230.14962 600363.43907 623858.81376 214267.86037 
393023.95108 588074.21432 630126.4418 403864.00246 768571.68447 764845.30953 283515.32602 269290.12046 709515.50803 419597.80231 401425.45286 456236.49815 535262.29353 875542.10088 186495.58768 786605.02943 521172.17633 710200.17246 512320.3147 50128.78878 347726.76126 50155.60206 839979.43474 552939.3873 309311.71475 378554.16521 350199.97796 0.01387 861183.25634 693933.33874 793788.5315 197268.13987 397351.03832 347893.52604 756701.31813 169449.02328 110857.53962 517760.67076 755288.22268 450425.23572 657231.08037 212218.22368 652006.82872 668943.69215 647630.44409 866672.27958 322362.55158 563418.06148 664672.46145 358626.7123 340861.42373 357882.36503 395915.73627 715018.8572 278087.94442 822623.2914 855482.15303 442773.28898 379657.65284 444188.91719 591657.40321 526500.68296 81535.13292 171266.14842 394004.0234 604885.86933 713726.11378 384429.97147 511654.56496 562976.97965 530422.59563 630969.61023 589269.9305 639633.73774 766292.0488 711286.88248 268239.92116 333493.20296 502852.4396 519318.45039 682631.99928 341585.694 809551.70151 333127.59677 714635.59817 269485.43362 429221.97616 564944.85375 126330.29289 276539.82514 439527.31292 952683.26637 387371.93942 344967.9782 545818.82599 578762.82991 661548.08124 736277.93783 689463.64994 151949.80274 
1114205.00166 273159.37388 699172.53513 897079.00237 941903.99894 782899.05968 1032335.1152 984113.85695 242956.29471 454364.13222 1162546.34678 1038311.65119 1186856.04313 25649.71566 790064.8258 112742.67686 708632.83254 782056.25666 491577.26847 825898.7274 696901.38338 845532.8707 737166.93973 432634.44177 573227.65201 902490.63338 931877.60431 861183.25634 0.88296 269769.48598 558731.51598 901377.84997 777605.48913 884739.6106 961497.80375 799115.29842 815619.28153 438768.57534 440032.60427 1132156.90715 259131.44892 744591.81344 1059200.09345 1073057.32298 894771.10293 766066.5652 834352.31301 312779.48125 827117.40331 976815.65867 1016775.96417 858019.15437 866722.70362 239914.36071 1070585.03404 38653.57978 602096.606 921306.08465 539505.41809 646908.37784 1131733.3994 336938.02248 895355.56597 932980.35924 908931.92326 706665.68014 914228.78368 587260.28951 1046526.61151 421781.78844 1082556.94849 298392.60268 1093080.74561 1050578.23018 318611.60215 615564.9962 987173.68776 921849.78696 1201888.98372 1012879.00419 210236.11975 548977.13958 346744.75802 1084228.72704 151103.39693 852138.27051 432073.15823 591315.21037 987258.17858 1027438.18172 710844.59925 874925.76375 1142318.10729 576432.0186 427529.31302 1015321.83672 361083.06346 514849.26866 386996.17819 925840.03828 
881256.52364 208454.09671 429660.81012 847080.64932 674183.99663 520579.62417 811448.86924 760368.55418 26904.13892 366022.96015 935819.79409 787253.25043 937879.64085 294870.56274 678298.39549 292291.41523 442136.51668 515086.14478 235767.70305 670120.80267 456536.64133 692212.6501 489121.55908 175490.93918 384822.08016 843725.00741 689604.96443 693933.33874 269769.48598 0.07803 317849.08715 686508.43358 525133.3416 818774.05299 692849.65815 681892.40101 622968.84286 194397.02345 198356.62339 890677.10525 55569.4653 533629.43945 791602.94479 805068.7156 625061.533 520351.14736 593893.31483 156118.26138 557609.70735 735864.27127 782196.88262 612003.01776 615322.16905 30673.21116 858011.07423 245668.0866 374441.35932 665672.3334 473133.21641 390690.36676 871455.89513 260864.94693 746979.80457 726182.21242 659110.24083 436899.24796 645000.62301 353075.96459 789284.59444 163605.55055 825478.36407 63893.98857 830871.63741 783340.42237 103726.1173 353490.14674 763972.78432 846128.49568 960062.28907 753056.00601 89977.07157 455753.03451 155536.71339 859845.92708 226457.75649 765127.2839 308366.86744 322491.89749 814022.81776 807466.30993 453161.27654 633691.40065 915193.86703 500149.94776 174332.92243 750607.2169 91657.33587 261736.42888 123933.85171 723068.30577 
