150
0 1 2 3 4 5 6 7 8 9 10 11 12 13 14 15 16 17 18 19 20 21 22 23 24 25 26 27 28 29 30 31 32 33 34 35 36 37 38 39 40 41 42 43 44 45 46 47 48 49 50 51 52 53 54 55 56 57 58 59 60 61 62 63 64 65 66 67 68 69 70 71 72 73 74 75 76 77 78 79 80 81 82 83 84 85 86 87 88 89 90 91 92 93 94 95 96 97 98 99 100 101 102 103 104 105 106 107 108 109 110 111 112 113 114 115 116 117 118 119 120 121 122 123 124 125 126 127 128 129 130 131 132 133 134 135 136 137 138 139 140 141 142 143 144 145 146 147 148 149 
2 
0.17621 91288296.3219 97686910.9536 12418610.0681 101908114.537 25628798.6484 52432413.8082 75999650.2231 15397472.7563 101428331.67 45257570.5438 71895029.5361 93192553.439 54640596.9237 47557043.6711 94315459.1483 64343350.4172 85171656.8278 42163614.3802 28641872.8206 102762466.528 92134835.598 78449460.7595 41127845.8902 60816099.7782 91302498.2135 38941161.2075 62997489.0871 61142822.2094 98055656.5858 38249820.156 35750356.4962 88002138.0055 34864751.5132 41153997.5592 95153285.8441 35023044.3232 37581260.3488 29955466.8299 67662688.7832 18391224.5677 115190632.285 45652806.279 72537700.2766 62972410.6769 48829955.1801 34796955.2906 76445952.5228 80875153.6878 47050762.8302 68356621.5771 46528383.9754 91516864.6348 81303304.1947 22576541.4061 30411257.0547 96597933.2506 72413692.6857 101019643.981 39347673.2197 55545886.4079 78797876.9333 85780287.7788 45909046.9443 72211663.7007 85471057.4113 37160495.0601 78482201.6015 29827031.4366 91103124.2298 107586284.566 61712738.2454 67219893.605 63837381.2112 78191386.6062 57588588.6061 29891097.975 95016857.4411 29394544.4958 39033409.5475 49421576.9651 42144154.5032 72275347.2446 54800956.0133 74772356.9777 25174994.1222 63355453.1515 19018130.1024 88616468.842 57189115.728 60634425.3533 46654470.1561 92429447.2536 94292805.2598 45176720.8922 73293200.5952 70082798.1759 9941162.13666 27579987.7232 48470656.2021 53793249.8555 57289687.1555 88779932.2636 47761173.6371 84216105.6914 48964816.7303 25739917.3658 18111476.2941 61640092.2286 83401409.8107 39653705.5648 26748568.3255 83994784.9473 17646798.9991 22681058.8355 29410752.145 83632977.4523 75222265.9634 73355598.879 96234245.8055 6963117.57719 71194726.8921 57962073.5511 94943360.5871 65892215.3189 44674073.2947 35919320.1768 73499508.7383 60404775.7131 63830659.9421 96241684.9342 65031783.2568 20570728.6736 50083250.2393 40699528.6767 32229327.3074 85248532.5427 73214196.356 76724675.0439 91127316.9846 60197437.8219 53920413.8655 58807561.8606 80349124.2295 9381157.90264 65884135.0053 25127285.4363 93282057.4485 24915951.9115 91394147.8551 
91288296.3219 0.30964 45767764.3826 79163779.7271 77719076.1337 99518178.1191 43067058.3546 15870214.451 85555777.5362 75385135.8573 47786038.5829 113880420.922 5463900.61998 73840341.2851 107133790.813 4324059.93116 27792336.7211 6249774.60772 54458683.2505 63798517.9691 86627215.577 55431833.4623 14072608.8628 87136869.4268 78208935.8856 80644003.9231 68612189.525 99357812.4656 107401958.548 10819404.1941 92634786.7246 76725595.2788 18735558.9935 80879681.0548 94037675.5004 72019659.6811 75775208.7462 70714650.8636 95968670.6419 42741975.9902 72902216.2805 90904995.9974 46883333.5622 25299911.6579 30763159.5932 78305083.5906 79135010.4508 18728734.875 10837601.7169 57710883.086 84736896.2402 45579315.4878 21665007.0746 20290613.2542 69490562.9658 97511236.9328 69660543.4296 25261438.5163 50283712.7185 65196276.3962 66618291.4729 26245336.9331 100944843.961 69345843.3725 98037525.3951 7025358.65345 102844328.739 66404651.812 80095812.2322 75712825.5625 88664621.8893 110059186.377 111447142.53 118304127.384 106545211.584 111111185.383 66297902.443 60540496.3935 64651947.4411 62817262.6972 85192888.5442 55527782.18 91436885.8208 37001506.6412 46593954.0958 78471113.2866 60205773.8721 88314475.3802 30547761.8989 45913830.6679 107207434.8 94544799.854 91007784.158 86692574.0684 48561534.8666 20929364.51 66438452.9828 83721676.9595 102664143.455 42817734.7893 38203721.2426 39941927.1681 2632076.30299 59012839.0923 95878854.6742 47276364.9792 101954924.267 83858081.2567 119358189.979 50629424.3845 99953821.4278 74741680.0685 97199123.3325 83067824.352 83866267.1667 63070585.4943 60097997.0486 55056927.2533 86085758.793 67764712.127 87272835.6213 20336615.0005 107027430.941 19661701.8784 28971388.7421 74059666.4517 62866058.5345 87686582.1876 48966508.4025 57048473.2155 43446774.5107 113706801.39 70828677.4911 97476797.2328 53250901.7177 76494066.8675 84997303.1989 28303284.0458 105229812.781 38117122.0337 82844675.8883 39588865.2517 69298331.2312 92771831.2349 81913403.1881 56397129.8383 67222776.1031 64961716.3575 84775650.6605 38429733.2886 
97686910.9536 45767764.3826 0.00198 88440758.6503 33678553.8688 93683841.5314 69454145.249 42940334.5291 85675681.0749 31217607.2172 55719203.5165 87565988.5663 40875681.9072 54321087.9244 91289161.5147 49273384.7558 45643717.1149 44289070.4434 77345054.1223 70274227.1163 43424468.5319 13458873.3771 40994029.1434 73413822.404 54365371.8534 40825761.4274 61175129.2331 74871170.6406 84935815.8145 38445586.6627 80165983.178 67983526.1276 27497727.895 71509814.6193 80100821.8816 29643165.8168 67800058.448 63175684.9014 87713998.5615 30107013.4135 82083192.2025 45557385.6833 56166932.3124 34161009.2909 60537977.2338 61426486.0195 70242751.7308 36679363.206 43051034.0652 50991747.1364 56539335.9486 65512711.2958 24102851.5331 29726636.5157 76058313.1235 89101675.2601 26461847.6233 34365281.6203 4810337.65397 59456559.3504 48484437.8215 26461888.3795 66191231.7187 56768210.0549 68969733.4711 49331719.1968 91571837.8678 32850043.8119 100498028.041 35462116.1988 44452683.9159 87787599.6268 86821645.9496 96769633.4236 76012289.3849 91036697.8365 84417455.3001 17156217.2649 68604093.5367 59031388.2477 67168414.7803 78926270.1313 61636415.9632 59505865.0844 23294474.1338 96590151.9813 38858701.7304 85928949.6893 16220328.1504 40712096.2408 84953660.2671 77831786.4249 52038697.989 46402414.5094 70438544.9971 38501350.9464 38423213.0031 87934428.11 96268643.246 59217713.9012 60817025.0952 42910526.0768 46355479.2719 50689373.126 61039637.4776 72679901.9781 96400197.4573 98804897.083 99159458.5103 16738386.0313 87099963.7674 72543989.1611 62644116.8305 82775640.0404 100969510.021 78043770.4558 23701749.8916 26405565.3628 55352152.819 24512557.8974 91435145.6158 45397251.842 86036815.3054 26707723.359 40044797.4807 60663749.4456 84285603.5334 56983467.1863 37367405.6542 36796570.0378 2415282.48056 90568002.1475 79078539.4532 79200690.449 73661150.0475 69979793.5689 48362321.0144 30588256.3614 75131202.3196 8890255.70347 59058858.296 48783717.5348 48162849.0915 59263817.433 89332940.181 34808581.5292 80797152.8274 22754540.6388 102857548.702 8515849.44679 
12418610.0681 79163779.7271 88440758.6503 0.84051 96037713.6814 32535111.8239 40049712.7413 64055306.4649 17135341.3356 95294099.6748 34181310.3487 74909299.0665 81248072.4933 50785662.2742 52632469.132 82101657.7356 52570867.1193 73094379.6556 30022949.1977 18187230.7219 98006558.7436 84121809.936 66566859.3737 41428311.8655 57637474.1964 86589503.7471 33465874.2464 64086995.0438 64239287.7891 86237172.5617 40543402.9982 32906850.4649 76766744.6264 33507463.6568 43513394.7203 89002914.8009 31821511.9689 32711900.7558 34621328.823 58351015.2851 6571959.0533 109960465.618 34365994.1812 61359716.0643 50568815.6978 46227407.9579 32814417.1296 64868936.1123 68868107.8786 39167036.7439 65977353.1881 34152082.8007 80457567.734 70078742.3644 12436370.5135 35558130.139 90057242.3637 61222973.3791 92069528.1465 32777176.7309 50109407.425 67997176.5055 84741751.8353 41005634.6043 72034599.6965 73233724.4069 42830603.5796 72450329.4241 23278045.4386 85707288.2033 102708020.088 65326678.3695 70365654.8064 68973344.7595 78978012.8092 62055283.2959 18285469.7517 87459230.7744 20045615.9158 31611065.026 48534601.5848 30135637.1887 70837079.1457 42489914.1391 66100594.4888 17718412.6594 56692339.3025 22101496.3943 78246170.8016 47733037.2103 63756894.6589 48485821.4207 89163952.7136 90228634.5496 32768531.4121 61693250.9445 64364759.5508 9710780.41313 35209283.6729 36397207.2243 41452443.5216 46726282.9986 76631594.6912 40280057.6606 82469282.7483 36653263.731 33557188.1147 13648543.2787 67366355.7436 75122701.1099 44003581.1056 22420395.0676 82493226.5097 17532142.2493 18024387.6814 17004094.5127 76523523.0393 67667438.0772 70845587.0703 89479059.3358 11336674.2274 59211783.5623 61416522.8576 83704493.0907 54570104.7359 41040054.7359 24463463.9386 71266745.7442 51723550.5161 56626512.0454 86829346.0234 68973926.3991 9403948.7322 52267054.9653 28325654.5865 29205919.2041 81638681.9469 62396404.8022 77431419.2661 81371854.1368 58017663.2896 42692824.1429 53893697.4359 78427563.1135 3970332.29912 58586223.675 12734957.8757 86345603.2966 20607110.5447 81661042.9276 
101908114.537 77719076.1337 33678553.8688 96037713.6814 0.07347 89372571.344 90529559.6549 70997106.6957 87257484.5646 2470518.38134 70228733.1285 66576104.1802 73317450.2039 48121417.9458 79125085.0912 81590659.4587 69081190.455 75011981.6078 95222152.0966 79605706.2079 9996552.1481 22292661.7402 69807172.5017 66500004.7758 43664746.244 13939525.741 63075912.817 57619596.0106 67861313.0126 71638939.8452 72835917.6761 66712747.4499 58984036.3583 68769746.2489 71525403.3655 7330485.80765 67205557.9676 64332679.8078 82451419.5632 45561892.9138 90707182.8174 14917531.6018 71324972.3684 59546805.5108 84852264.7055 55087347.8299 68227989.4684 64464926.3642 72656446.1364 57464547.9324 40106314.643 84015759.5256 56519422.267 58885357.7308 84123218.7075 83477142.0902 8234612.2911 59729102.3019 30493035.8342 63287078.3423 46367759.9637 53726688.7757 39722444.3217 56005960.5008 48214749.2492 80000878.9922 83210355.6355 23588312.7727 113803709.358 11320046.6866 10951923.1537 70469420.38 67486225.3485 78954256.6339 52516563.7257 75227569.8566 98369563.4499 17201137.1078 76660697.4369 64497073.9266 57988603.2446 96844977.3632 41782668.298 80721178.3088 36899655.5351 108875531.597 39456761.2254 85583901.218 47191938.0919 53714279.0224 68071489.2496 67278906.8199 22913033.7407 16591939.046 88967345.0592 65109960.6006 31841532.3717 92092963.9536 91130342.2452 77414774.5119 81769656.3254 59949051.7699 77812249.8428 56051888.6288 35384008.0949 92696481.4276 91902935.5028 108741715.593 82225317.9761 28789579.3006 78149849.7523 75186325.994 37012515.6208 84595857.5285 112074798.202 91134580.9489 21605698.8642 30735839.4392 36281861.5986 10019998.1324 94985011.5279 71837912.8949 70139316.9963 59783935.5025 62957896.1193 57745794.6086 100255616.717 37414594.9549 47808522.1722 40040351.3184 35566164.8569 72090105.4204 87652118.3035 66961484.9808 90774489.1568 69954156.5959 23722230.0553 55266107.8891 52206594.4585 39786243.8209 46658661.8581 66645788.2941 43216188.883 35619248.278 95512893.5661 38326774.8445 92513333.5578 13166711.6627 114395476.099 39506301.976 
25628798.6484 99518178.1191 93683841.5314 32535111.8239 89372571.344 0.33405 67919038.6092 83648593.7062 16409308.433 89474394.353 51932333.073 47367797.163 100063764.226 41740953.0334 22175779.1108 103214544.694 71770863.2277 93278749.1907 60122912.9392 37660622.2066 87954107.8552 85034725.7614 85591853.3761 22924876.3004 45742131.3325 76893692.5308 33215036.6813 40782917.2177 36803860.0882 103969475.923 17116395.3113 25753125.0559 91419773.1896 22192340.6148 19296889.5918 83512878.5316 26084838.3885 31059260.811 7029885.98676 65887193.5669 34620870.3355 100894466.827 53017513.1537 76626378.9288 75796039.5977 34460547.9805 23446868.3354 82063320.921 88681016.7969 44532357.9913 51085786.6949 59928042.5814 94018449.4922 85028987.1182 33598825.7017 6380528.25361 85749647.3386 76563857.9249 96010018.8176 35853320.4272 45817934.0993 80976354.1959 65415656.4801 36931947.5919 51210842.8528 94911073.1406 11726638.5125 67570440.6932 54636425.7355 78069387.7442 92843981.5921 36939311.0062 42683234.686 38285267.4819 55705680.0067 32348703.5838 50137836.833 86626916.6419 35660534.2347 37527799.0033 31690662.2799 60676347.2502 53156285.484 66674401.2575 70567840.8194 49459203.9236 55290382.8397 11996561.0751 88657704.0858 57030844.6137 36288165.63 24788671.4014 75314293.4571 78521545.6571 60596352.0718 79218102.5363 59185517.8474 22879158.1743 3185051.54166 59058990.7295 66092011.4159 60515265.0822 97296404.9048 44129541.2091 64966352.3321 65467159.6083 2716508.34931 43202354.2782 36012552.8773 77510134.4061 15208381.0333 24776505.0295 64379905.0556 17834382.0246 47912832.8055 46410295.3332 74814837.0908 68098314.9522 55943877.6107 85887928.8105 21628670.3937 79361567.696 33412616.7202 98059052.8868 71093342.8261 33336832.4868 56253436.9344 55604662.3155 57694932.0262 56980123.9109 92801477.2508 39977493.4567 34502630.4549 27350537.369 57081284.0133 24297720.8044 69073961.4976 75841475.8531 54383067.8573 89000182.667 43338520.806 59929313.3934 47477753.6824 61552543.3525 28676376.6419 59025033.8483 42934025.1975 83498845.3934 50285807.5572 89182676.7647 
52432413.8082 43067058.3546 69454145.249 40049712.7413 90529559.6549 67919038.6092 0.68336 30999769.544 51753207.0066 88869958.5762 23759366.0624 98115535.9193 46609036.0963 60987537.1663 82578978.6242 45037254.7092 23876212.6176 37805050.4007 11536831.4747 30694946.2202 96341256.8736 71457092.8455 33773924.3248 64649608.595 67885191.8439 86459853.1869 46569010.0091 84202992.1343 88849295.8965 52300497.6075 67750339.8843 52763452.9736 47840421.4937 56185212.0921 70149758.8669 83294218.6461 51434387.9038 47869398.5241 66862692.35 44981781.4616 34898089.8574 105439466.317 22218426.3278 35470838.9236 12303903.5396 61339202.5156 54534897.3827 35053041.6255 34619003.5915 40979135.6596 76699095.2168 8982783.81253 52289296.9851 42144299.7591 34340643.1473 68264229.4312 82696596.6184 35269429.6618 74089119.7276 43141834.4211 55619306.5785 43366437.3195 96445783.4389 51835435.3499 87788099.7543 36288358.1786 75072623.4364 69867286.4776 37029960.7466 83266104.8125 100123644.88 90902399.5735 94355043.0989 97300847.7832 96325823.5021 89743465.0287 24079376.32 76294949.5584 33555784.4334 40103140.0657 67181867.6069 12483239.9742 83361660.5492 10044233.2081 53793567.0938 35658271.568 55628037.3 55923993.0978 54601104.1708 37756029.182 88483881.7422 73040899.4838 93558391.2118 91853651.6549 7416601.01748 32279703.977 64700769.7046 47246562.0691 71044307.7769 14167150.0111 8843299.07546 30689048.2862 40435960.9243 42989742.3246 92402542.9159 4210021.73354 69797359.8446 41657740.6093 96993760.8154 62743238.1558 73991349.8821 45537808.9345 93141290.9249 50084735.1648 41112246.2942 23058332.6894 68942369.8627 60029513.2258 80284746.4266 81344189.9726 50288334.4096 26528034.1228 87140500.2751 54030635.7866 29443547.2464 55366061.5342 19902175.7876 81449367.4912 43873930.3127 53458824.5929 67213769.5827 94840128.3149 33971736.4662 76796137.2729 11734596.1271 50585541.752 85926291.2495 38865896.419 94759096.7797 60704954.0887 70997465.7765 24077224.0133 59857995.3272 88400653.058 43571670.0739 54427455.9415 27314934.6646 77907402.3172 41843660.8882 61072198.4671 
75999650.2231 15870214.451 42940334.5291 64055306.4649 70997106.6957 83648593.7062 30999769.544 0.15569 69756354.1402 68867453.8266 31955621.3558 99715879.1095 17196925.5763 59502277.434 91672783.7456 19659254.3259 11951923.3707 9632082.17955 41646543.6118 48139707.9994 78945241.1608 49199500.1912 2778984.01284 71715032.512 64470923.639 71397508.7081 52990672.9879 85122568.5521 92702741.0642 22300399.2765 77045233.928 61066359.3379 17450259.8687 65209395.8034 78546063.6876 64496671.3818 60081078.6573 55064091.9285 80145369.2791 30097239.5329 57671688.2588 85222889.713 31099517.1379 12219585.0062 19486662.8582 63419073.2623 63455537.3536 6547534.31512 5037364.31957 42322984.4246 71661091.1232 31415501.2209 21952296.8778 13225490.6232 53927700.9024 81686984.0044 62762515.6064 12087343.1987 47750170.3706 49522095.5269 52385389.641 17363133.0703 89084253.0283 54190602.6542 84747570.9801 12213289.1513 87107574.2932 55844908.508 67301560.4074 66917552.3871 81698150.3225 95294634.6222 97025402.6756 103342206.213 93398694.218 96044716.0103 52537319.6885 54437634.1591 48857922.5715 47069008.6272 70284072.3686 42936159.7179 78505674.8095 22991937.0839 36044802.7861 65026396.7671 47056739.7447 72457921.7329 26781203.8032 31088788.0893 92480075.4325 79309037.0651 80967818.0236 77394513.9482 35135179.2005 6529236.45167 54325197.4166 68144488.8976 86795537.4197 27694120.8557 24331205.5932 24478774.1302 13696512.7903 43746268.9317 84190184.3806 35041248.4327 86084842.0355 69796966.1281 104222751.25 42370171.9865 84326454.9318 58872102.9168 85382455.9707 67242418.6233 70285970.4988 48515420.732 51113670.7653 44376243.0598 73574065.4669 61021154.2612 71727286.9821 4888363.36414 92127259.8569 23148420.2186 13610403.1952 58861979.2967 49905960.5221 75106989.7089 34981090.9081 43966395.4169 40533475.3362 99020554.5473 55451970.8319 82372890.2114 39615917.5124 60718254.9468 74302859.598 16327968.2097 92008563.4398 34142467.9688 68920803.8165 23719562.2699 55463428.0508 80779869.6196 66619947.8055 43693523.7629 52524705.7674 57839885.8379 71452917.984 34512366.4325 
15397472.7563 85555777.5362 85675681.0749 17135341.3356 87257484.5646 16409308.433 51753207.0066 69756354.1402 0.46288 86905202.5677 37810311.8902 58179016.3817 86627457.1772 39542273.8198 35499470.3779 89036077.8597 57805329.3695 79310805.8597 43716927.4258 22153353.7338 87694490.039 78931455.6289 71914795.4582 25941218.282 45523034.861 76254421.1255 25019066.3451 48220527.8555 47444236.6367 90954523.597 23877566.54 20639393.4847 79400093.188 19480514.7546 26852916.1695 80668779.0722 20058861.121 23338710.6316 17513407.2883 56211255.021 18278311.827 100243732.101 38672449.9338 64119026.8783 60209265.7625 33502947.8355 19491529.1262 68962238.7783 74782608.774 34718772.4591 52965140.0953 44034301.7818 82460140.4277 72796904.1004 17440122.2388 18516007.8976 82316118.3257 64027855.8727 88641507.0792 26246798.1307 41077243.4695 69430119.1929 70480572.1135 31374567.2902 57057120.3248 80482913.7655 25810729.5185 64046729.9164 40259414.0464 76295771.5906 92543182.9422 48388242.2551 53577233.4078 51838743.4571 63352607.4355 44955594.1704 33930023.7297 81419731.9048 20903831.8777 26753702.719 34065113.7741 44267796.5267 56908918.7094 51219100.0995 62425471.2827 34777613.4754 49485550.9031 4980380.42805 78296084.2386 46251891.5782 46951569.8648 32112378.1079 77081478.3303 79070260.6822 44382369.6996 65952592.8562 55563187.5552 7676962.74184 19433020.5813 43823813.4882 50523131.92 48104291.0128 83211900.056 35001416.7331 68836632.4463 49164976.8632 18080257.5836 29622016.8807 50254133.363 70532145.9508 26876438.8443 13134008.4683 68635064.7894 2900197.52199 34316367.2163 30001047.5183 69807970.6337 61829406.3723 57966289.8105 82081008.9544 8648661.60544 65227738.5471 44504971.6826 86243769.5761 58010717.9056 29632640.36 39987161.1233 58102425.8393 48398615.1205 50347867.0896 84446619.2442 51972032.5582 18102244.1637 35756468.6517 40742046.5051 17303362.8392 69958751.3267 64005193.7572 61852324.4131 79840922.7686 44804445.9705 46288234.5405 44042502.5961 64958113.0979 13699214.555 52435846.528 26564037.2975 79261819.712 36856547.164 80073667.655 
101428331.67 75385135.8573 31217607.2172 95294099.6748 2470518.38134 89474394.353 88869958.5762 68867453.8266 86905202.5677 0.73901 68881129.677 67946056.616 70950654.674 48012316.2658 79800235.1848 79237355.1212 67196338.0256 72745440.9619 93781499.5169 78659983.1567 12438291.508 19987468.8465 67633734.5411 66662996.3701 43871867.7792 15184626.9122 62525866.6104 58594382.4765 68890647.3298 69223977.5806 73080190.2687 66434636.6913 56649786.1338 68621874.3216 71861154.8803 6294859.43613 66880449.9528 63849966.3949 82591473.2124 43888492.7334 89868467.3378 16637495.2712 69944015.9542 57507956.5164 82977046.0144 55088243.6873 68019799.8935 62328030.6805 70447236.1884 56526307.7324 40796309.0561 82492919.6425 54136604.7088 56660444.0754 83290418.2996 83650991.6873 6220941.59152 57692401.567 28023553.657 62598849.7536 45895030.1193 51564405.8328 41460421.846 55575682.7964 49438071.5438 77744511.0191 83598644.1558 22954775.3543 112724143.566 11774111.44 13336628.3329 71534640.4834 68712872.4305 80102497.8921 54041713.3257 76187797.4939 97198599.225 14845421.4176 75784018.4969 63704410.5275 58259017.0788 95406974.3121 42843773.8755 79017553.6849 35135031.6626 107851997.785 38618626.0851 85365706.9926 44845738.4037 52303968.4418 69085242.3843 67746708.945 24795167.3633 18464351.7766 87462657.0175 63036159.2935 31361356.4043 91576748.6713 91304044.9626 75880315.9928 80086182.6855 58365429.0638 75507493.2197 55173283.8542 36990362.102 91110466.992 92030712.9046 107880246.578 83312288.2737 26794012.4391 78557782.2297 74683633.4049 38633608.2579 84211835.8681 111142115.993 89993256.5722 20081668.7018 29315188.8701 37175166.2462 7849866.75536 94525761.917 69798730.9309 71079664.4775 57370298.366 61068089.8836 57503788.5631 98956501.4855 38380780.2566 46469434.7088 39020374.166 33117464.0629 73264562.463 86802302.507 67568566.7089 89367316.6003 69609301.6703 24997109.9679 53234589.7935 53674146.8604 37405153.8433 47069482.3284 65067161.6334 42912151.4232 37001664.0799 94867208.0013 37240279.9479 91470422.6211 11146288.6493 113439339.511 37121040.8068 
45257570.5438 47786038.5829 55719203.5165 34181310.3487 70228733.1285 51932333.073 23759366.0624 31955621.3558 37810311.8902 68881129.677 0.65775 75273902.7099 48842744.3465 37264458.0342 62353721.3808 51360215.585 20004147.6354 41536649.8464 25221599.8799 16667894.1279 74873760.0258 53869328.9628 34108065.8181 43108265.6081 44126745.5287 64371675.4079 24136174.7592 61064949.2907 66541200.9881 53310323.5108 47365425.971 31442395.6394 42746344.1443 35354621.6919 49353976.0796 62898247.7322 30240177.0201 25823008.1438 48957148.3734 26522584.4639 27610338.7654 85057051.6543 1566505.08714 27285144.3435 26012874.2954 38096094.6826 33595586.0357 31408664.8408 36987381.4282 17221910.9611 52945334.0244 15222390.5415 46322510.2246 36047228.6735 22700023.099 50480871.7852 62932956.5399 27158985.3874 59769040.1462 20519226.5043 31893639.8296 33822482.4531 72726182.5569 28423140.2105 64115396.3969 42980951.5415 56439958.8344 48017582.5692 45090223.2131 61758868.9383 79004237.6624 68796643.7008 71757425.5094 75877847.3995 72701816.7046 68333723.2735 29051963.027 58077129.9742 16933887.5836 17540615.9408 44305534.9606 26818937.3605 59602649.8509 17142011.1348 35276222.3938 40928341.8524 32798373.8846 40549926.8348 44254500.0554 16652087.4055 66216881.6049 51350204.6533 70606691.5713 69438984.3779 19633769.5685 28317663.11 41917233.9141 36669871.3857 55102832.0303 9827810.51089 17231393.6157 12891449.0569 45484043.9621 19231620.11 68758516.2614 24323799.2954 54300566.1765 43219805.2616 76065463.1563 44689965.9501 54303831.8583 27241352.533 69457644.218 35287087.9033 45251140.0652 22368452.9747 48842677.5772 39572960.0994 56591473.8247 61868832.5055 40309190.3928 27498616.0076 65192993.2761 49688492.6567 20663453.4423 32309653.6903 30115688.8694 57728405.3631 22420861.5723 31059982.1914 53877215.1162 72709771.7138 24907343.9511 54905375.3743 20646088.8966 30197430.5458 62878430.5924 28223144.3495 71144713.5985 48007348.2722 47304758.5092 8687975.44611 36162956.4806 64729306.2394 36037481.6089 32383132.7994 25114994.6548 58467024.0994 47149655.0596 48322835.2754 
71895029.5361 113880420.922 87565988.5663 74909299.0665 66576104.1802 47367797.163 98115535.9193 99715879.1095 58179016.3817 67946056.616 75273902.7099 0.35217 112100940.572 40215794.9061 25722066.2348 118169599.605 90075567.2403 108384319.723 94717495.4397 69727664.184 60264865.907 74776702.69 100492014.202 34528013.7969 35829935.2108 52761515.3098 51547868.7303 14600736.8508 10763506.5258 113829250.585 34372885.7932 45933299.5828 99103952.0582 43283433.4364 31398592.0529 64034128.5706 47297080.3762 50293361.2058 41974407.53 71421748.1515 73861235.7359 72218747.7778 76824404.0709 88613559.1147 101000936.543 37288260.1184 44655181.6522 95246540.3785 104072464.845 59032597.4158 31141079.0303 89133043.5036 99648525.4305 94506302.1743 69380541.9364 41676835.6093 67471449.6714 88664599.0212 87495202.0513 55014488.7596 47349735.7317 88780386.2879 28501729.1407 47025905.2052 18865942.038 111903778.753 35802804.3006 54719721.6972 98185377.8521 56863241.3938 64414543.5126 10493699.9461 4690717.07562 14448766.2648 14734263.2836 15872296.1714 88906861.6683 73352422.6732 66137130.3069 58057882.2906 30987836.159 95854103.0512 26104044.4017 92393058.7423 70134437.5986 92602489.0 54086415.7105 53498012.7566 91037762.1621 68696157.8428 11267609.4643 26596428.7009 44817398.9302 50615596.1265 92095294.5718 93504500.9756 50114063.3043 65845492.896 46692836.0842 85002942.9102 92501423.2158 75956667.4716 112448849.815 57215391.5893 31638777.1804 97382302.0164 48432782.3117 87800972.5507 18376786.2772 71676030.7701 32362383.605 55349323.9548 30141463.7492 57384677.9655 92489915.6383 82797555.829 63896301.5963 62963170.8825 32394659.9425 68662965.0935 66288402.482 97077413.7443 13982136.8744 104041811.012 86236760.4065 42964304.1111 94172082.5557 30830205.3453 64943432.4637 57218649.7657 87932174.8977 8427763.90013 72125645.7473 22726532.5405 90423044.2305 48834991.834 42955266.6194 85667545.4303 14609409.8768 87385235.7493 31079444.5933 79556677.6555 44608743.4184 30958751.6388 71801379.9828 58248190.4707 80919566.9615 68065477.6584 95034591.8409 87372494.5669 
93192553.439 5463900.61998 40875681.9072 81248072.4933 73317450.2039 100063764.226 46609036.0963 17196925.5763 86627457.1772 70950654.674 48842744.3465 112100940.572 0.17067 72342028.3238 106567062.357 8398750.86918 28964627.6248 8812632.50247 57805722.1415 65223123.2974 82408293.6877 51085330.3226 14782226.4051 86571916.7537 76298283.5464 76877490.5688 68421994.6956 97669909.9899 106039327.3 5834458.84191 92300642.2925 76567455.9801 14582685.9917 80727569.8467 93547475.7827 67838607.596 75689596.5611 70565809.3733 96182099.1067 40686738.118 74868608.1142 86234916.5927 48088329.1111 24202343.5176 34375981.7032 77209823.1805 79007171.947 18097513.5188 12446255.9415 57259410.8922 82425176.4889 48267680.1209 16871966.6088 17640871.1764 71061895.5418 97725528.7677 65345688.3419 24207977.4053 45300432.1989 65119099.1665 65098761.0773 23518946.9272 98001110.3577 68555054.6126 95779874.9675 11807270.1498 102779301.531 63162988.557 83527634.9395 71844593.9272 84269176.0286 108744431.47 109856653.921 117147477.958 104181759.401 110072550.506 69262569.569 56116373.1057 65776347.8897 62910651.5057 84086116.2002 58964625.882 89019738.589 39716453.7998 43613541.1924 81614589.0158 58114995.4458 89125683.4292 26164764.9403 45058304.4893 105868750.183 93730235.0535 87436128.4241 82910334.4665 51623347.727 20847248.0248 63799720.163 85260419.29 103178516.605 44869853.1812 40994208.973 39792216.6027 7332270.57168 58412203.5199 92883936.4108 50794771.5491 102561545.02 86689611.7383 118372778.126 46855435.3448 99667012.5833 75337285.7581 94251371.8382 84050229.8695 86952679.3497 65572123.7938 56411694.7259 51983514.8713 83492126.6434 63427281.0676 88857033.4233 22039571.1641 105840028.892 14423905.4928 28988430.1484 73286417.4671 66186196.6937 85116596.1471 47487346.895 54959843.4106 38598010.9676 112317297.145 72638941.2528 96512509.6443 56238326.8204 76600247.2254 81676216.2343 26527985.4203 102910131.815 33557193.1722 81021501.3194 40354905.5331 67505235.7245 89916032.1129 83813676.2618 54132197.3155 69631475.2448 60733637.6193 87986514.6257 33851541.4151 
54640596.9237 73840341.2851 54321087.9244 50785662.2742 48121417.9458 41740953.0334 60987537.1663 59502277.434 39542273.8198 48012316.2658 37264458.0342 40215794.9061 72342028.3238 0.46003 37097482.3726 78105188.5594 50020076.5434 68243562.7454 60287147.4501 37724650.7279 48154497.9653 44080868.511 60316625.0494 19539180.5836 7278231.21013 36712217.1681 17751514.6876 25620306.8262 33721105.2108 74507710.546 26299083.207 18913837.6841 60016397.54 20653447.6611 25892518.7993 41927843.531 19623708.0323 18121632.8921 35041676.5677 31970044.1802 46653173.4584 60726609.3195 38822816.0301 48540758.4238 61926853.3821 7387389.64467 20193078.8617 55144348.7043 63892112.8557 20082554.0017 16260105.1716 52230862.1487 61163783.9407 54908709.7664 40363869.1989 36238454.4659 44039855.0747 48581700.5419 55875425.9282 19803141.2913 7243269.87448 49399838.7172 36174552.7226 10274461.5006 26889049.3484 71695542.5726 37579823.2434 25830255.1997 71733870.5332 36963434.5582 53000918.539 36459236.9521 37609939.6501 45051430.881 35541576.6576 38314532.3288 58367636.0524 45149978.0073 34084566.3127 22391458.2812 12930493.7853 61699137.4406 22542483.5804 53858603.1826 32825193.7886 66267834.9542 15854531.2468 37522228.7213 53456161.8549 28494305.9443 33568179.6322 23584405.9575 38378490.4915 39708705.7925 56081321.5608 53318182.1567 17496939.7645 45145516.9946 43818492.7908 47055056.6355 54197545.4223 35892513.2274 72330180.3772 18093773.4787 32853755.9512 61148999.8347 44367902.8724 64288875.3328 46666091.1428 37603422.4476 32912516.6937 28549037.9817 33244745.2812 37035288.8742 68288931.5291 51197686.9518 33400209.1434 27923163.3525 20667591.3094 44147952.3986 47678698.8761 56900731.61 33757009.6784 65555831.1398 46026637.3067 9972996.94538 62236139.2616 21444009.4542 24889607.5441 18601104.2159 53914698.9525 39981713.8373 43886969.9402 25363299.744 55639995.7757 22417673.6455 30884354.2829 45814978.1173 34006665.0447 51507689.9552 10079280.7515 40046106.9432 6166327.63666 28722783.3762 49420349.7554 20213002.3355 50985900.8337 41782593.5128 70806016.0326 51596326.3104 
47557043.6711 107133790.813 91289161.5147 52632469.132 79125085.0912 22175779.1108 82578978.6242 91672783.7456 35499470.3779 79800235.1848 62353721.3808 25722066.2348 106567062.357 37097482.3726 0.83149 111198847.636 80503144.9525 101103038.964 76824092.5363 52114743.714 75483857.4162 80349642.2683 93098931.6303 20004017.5706 37464566.6788 65493871.1964 38805548.8468 23079864.8525 15805012.8349 109515430.172 15001430.0945 30969379.0752 95572927.7633 26999104.5021 13138414.188 74513818.5837 32127655.0954 36834900.7902 18047010.6215 67828221.3005 53051162.81 88373741.2791 63753876.0793 82367894.3454 88148993.1609 30442211.5272 28759418.6142 88605700.7263 96521035.9576 49422938.4726 39021514.2043 73839960.2827 97256510.5308 89845835.1195 49989188.6963 17281073.7065 77394049.8135 82359612.3055 92566475.8407 42381889.3505 43636914.4203 84817039.9173 48082247.0292 38084445.7426 34110842.0775 103696167.54 10452382.5349 60653167.4658 75618658.5308 68026168.6661 80210052.7371 15242350.1164 21130928.9546 16392793.6656 36289002.5856 10202965.1316 68746096.0919 80606009.8027 49037696.187 45112939.257 24170157.6057 77686615.1793 38397055.0518 79011174.6638 69827454.2142 70210054.3583 52916881.0222 30531602.4662 90144644.2131 61523062.8344 15312850.5069 13519132.3827 61100183.0306 65566551.964 75720702.0779 86208071.3182 53311172.6123 43034607.4501 21118564.7964 71227819.5889 78764245.9186 67227404.8708 105243071.079 48168778.3839 48984780.4037 80936136.7626 22912553.4818 64553905.9832 14851174.323 74550843.2422 8818088.10799 37090659.544 48002576.0892 35520307.9435 69291457.3809 63672876.3329 69293896.8464 64896856.9939 43039239.7889 78018083.0125 42715947.7345 88068962.8887 12280681.3479 101586127.338 78191068.6682 33364429.9655 74555417.6138 42135708.1328 59920297.514 55518664.5758 90966650.5455 17914204.7036 52008619.1657 12376285.3288 73058439.2146 32301671.4467 56336995.4354 80469660.3953 35223688.9924 88576873.3837 33284850.1999 68808842.4672 43199056.833 46373452.6723 49087486.1812 57242842.1717 60947851.9538 76342191.1606 71752491.0223 88672752.9815 
94315459.1483 4324059.93116 49273384.7558 82101657.7356 81590659.4587 103214544.694 45037254.7092 19659254.3259 89036077.8597 79237355.1212 51360215.585 118169599.605 8398750.86918 78105188.5594 111198847.636 0.66154 31445065.8298 10098635.1128 56535785.361 67145875.9393 90595135.0237 59326087.1425 18102827.82 91212001.8778 82514973.4277 84782823.0694 72599407.1957 103639172.416 111637049.628 12355922.3704 96642861.9004 80694072.3341 22658657.3104 84842275.5999 98088763.5904 76001337.4232 79722138.6966 74686886.9928 99795581.6911 47063146.187 75925918.2398 94603473.2708 50394000.8148 29567787.275 32799046.0334 82503816.5479 83091727.4569 22966777.5797 14701732.416 61785034.7241 89060310.2892 48233125.6656 25242392.2096 24577492.9983 72747089.1664 101336624.957 73576784.4026 29524110.9587 53696693.2367 69153687.1018 70888809.5282 30537448.5787 105244767.237 73488310.1665 102359397.557 8902594.36497 106762564.512 70659639.9023 82007890.2375 79817941.6184 92541855.787 114285797.088 115714595.099 122500429.394 110868897.697 115285978.143 68648261.9051 64394335.6051 68144342.2546 66723792.2627 89390442.4683 57518691.8728 95760942.5615 39702312.1848 50877644.9135 80640950.8085 64524987.7694 91909874.3883 34400508.7124 50096947.1041 111438682.356 98676946.2158 95201998.9256 90828113.2037 50912394.2668 25049909.6495 70756057.9171 86968517.8164 106370572.503 45904555.0322 40838988.6581 43974865.1091 5969501.7446 63122149.3858 100173078.353 49238347.5141 105624169.55 86267143.5632 123519530.785 54753044.1331 103943417.947 78445566.3583 101498296.616 86593115.3702 86071588.1774 65775589.0721 64252691.8319 59332881.4795 90406725.6137 71668594.9771 90489475.3109 23864636.0076 111232365.035 22774514.4393 33007822.1889 78194480.007 64930622.536 92008342.8275 53242479.0024 61368080.8595 46991892.1446 117944829.926 73949143.3312 101640719.194 55635774.0262 80377357.6158 89243261.0846 32620555.65 109552877.574 41876644.0607 87142741.769 43320501.4472 73596825.9122 97078686.1976 84958300.8397 60720899.719 69978453.155 68919194.1014 86873913.9411 42177784.6071 
64343350.4172 27792336.7211 45643717.1149 52570867.1193 69081190.455 71770863.2277 23876212.6176 11951923.3707 57805329.3695 67196338.0256 20004147.6354 90075567.2403 28964627.6248 50020076.5434 80503144.9525 31445065.8298 0.14463 21542781.4916 32870252.7065 36259145.557 75968997.9698 48677341.4025 14183227.5823 60658822.0695 55656854.8811 67173855.5598 41702214.5289 75492542.1707 82485954.24 33712318.4064 65723153.0636 49676334.6975 25248967.6248 53787470.8692 67365589.0899 62086152.8959 48632200.7647 43713001.4807 68414243.4633 24390208.3755 46107589.4959 83827351.0296 19159312.6717 11598247.8974 15783321.6835 53162744.8884 52022657.4962 12560982.247 16983405.6918 31554793.756 63498201.3999 21517498.5148 29467462.573 18935698.6217 42106366.4475 69952708.0049 60975763.4313 11397634.4828 50320198.3346 38154319.7462 43175730.0282 19501553.0784 81964290.3261 43647181.9195 76180509.522 23328787.0642 75534122.0069 50827002.4012 57882727.557 63251155.7956 79287275.3269 84989145.5627 87109756.9318 92773954.031 84903949.0415 85372494.6169 42429526.7255 53724564.4382 36908946.2837 35561782.5409 59938815.8688 34344829.6286 70402734.4917 14134629.6993 32324621.6612 55036006.8166 39430813.7395 60522273.8859 30769218.3903 21731564.4835 82230972.3943 68480674.8675 75768322.253 72974859.0259 25974714.7469 9399986.97525 47669551.9231 56296844.042 74925817.2893 16608030.3038 15506251.294 14130276.0391 25528152.7747 33167677.5876 77310442.2345 27331119.0359 74187912.6373 59196388.3423 93442862.2289 40476143.3803 72931689.9386 47000528.808 78355836.2265 55291215.1537 60113103.0086 37663029.7809 47920590.7019 39820357.4136 66000571.7241 59440713.3727 59896786.4415 7641624.94079 81672355.6966 31980599.4796 6129560.38292 48209455.5645 40675660.0338 67434920.8625 26805728.5114 36563703.903 43378356.6895 88791616.172 43772728.2546 71704592.1894 29990404.0071 49111070.5083 68599633.5061 15102813.2991 83446503.4102 36854049.767 59817401.1839 11905526.744 46704658.977 73640249.7432 54978360.9287 36790346.2265 41483355.4382 56060951.8019 61500507.6296 37222906.4541 
85171656.8278 6249774.60772 44289070.4434 73094379.6556 75011981.6078 93278749.1907 37805050.4007 9632082.17955 79310805.8597 72745440.9619 41536649.8464 108384319.723 8812632.50247 68243562.7454 101103038.964 10098635.1128 21542781.4916 0.11756 49038462.0687 57579455.8381 83586908.6218 52767560.5738 8021516.11533 81118748.4793 72846887.3955 76986606.8924 62503584.3905 93824739.9943 101688151.338 14580180.6051 86545099.8873 70602055.4779 16802973.1065 74751798.2776 87991280.0075 68980381.9681 69635624.8405 64593808.4443 89765224.5751 37647375.352 66795367.0324 88649224.9597 40638603.8044 19817719.4303 25563635.8657 72500337.444 73002663.975 13167521.9222 4618162.03838 51693383.2747 79637200.8145 39728966.8175 20648324.0697 16321792.3853 63295035.5124 91307264.2947 66846291.4006 19752936.0125 48980642.7511 59063701.9441 61050952.0951 22055341.563 96336082.1884 63428484.4199 92872768.1183 5054741.31473 96686996.3857 62198411.187 74751313.2904 72208049.1627 85905867.6155 104319989.0 105846913.965 112486735.098 101444846.279 105248457.462 60619571.9743 57968454.409 58407071.0271 56650458.5732 79383627.847 50180237.3954 86402493.2687 31151435.3712 42261804.4137 72912904.6141 55023354.0503 82065034.3179 28356790.5442 40087486.6437 101482161.061 88606820.6817 87078160.1425 83034650.9759 42932038.5191 15009489.4805 61657149.7982 77525305.5155 96426597.275 36710796.2664 32396574.0848 33877313.8911 4142870.96857 53043791.9709 91328231.0945 41995027.3869 95711532.353 78110416.3898 113468746.591 47163792.4065 93848020.2637 68502404.2246 92601522.9177 76819410.6881 78271945.2182 57148337.0886 56441788.1487 50745063.8588 81203393.0844 64998321.3851 81085091.6123 14104788.4347 101231829.974 19919977.0474 22912457.4139 68128428.0056 57428891.5623 82781087.4321 43444872.0463 51879379.3506 41898057.82 108000832.829 64681229.0294 91594269.8487 47577834.7331 70315401.5586 80803302.3993 23215342.696 100099047.423 36058240.6738 77417718.899 33350655.1896 63884952.2992 88099660.5536 75792621.6188 51361984.7413 61263813.5937 62034757.192 79265858.4763 36399498.2805 
42163614.3802 54458683.2505 77345054.1223 30022949.1977 95222152.0966 60122912.9392 11536831.4747 41646543.6118 43716927.4258 93781499.5169 25221599.8799 94717495.4397 57805722.1415 60287147.4501 76824092.5363 56535785.361 32870252.7065 49038462.0687 0.27389 25084852.7616 100083975.742 77697585.8289 44420489.561 60391901.0574 67489325.3226 89584271.4206 43967507.9453 81462957.7904 84864336.9679 63420310.9621 62460939.3541 48784369.7101 57833988.7962 51651304.2934 65105049.2666 87898366.0539 47420630.4809 44802106.8019 60048850.2394 50404601.2531 25779160.3477 110099383.605 23990014.7496 44245736.6577 23744864.2884 59241160.9875 50161553.0579 44955951.1437 45613675.3778 41209003.8868 76479794.7322 11837365.7814 62181324.9342 51748936.4655 26967270.3984 61342279.1059 87741602.7002 44054443.257 81806178.6369 40966228.9697 55984085.8567 52095269.8424 96419388.1545 50371495.8731 86409091.7372 47748873.4597 68445210.5317 73235869.4296 25727309.4267 86964077.9772 104180479.353 86658995.1668 90656997.8832 92289715.8591 94652503.3193 84824079.0312 12799291.0099 82239057.4182 28595802.9643 38093547.0923 64339827.2093 1629101.59249 82811420.873 18929128.3939 59354036.0274 24123986.3519 57942988.0368 48289034.9314 63389495.698 41510563.3965 84456421.1427 68696089.5539 95560315.6555 94599903.556 6943871.36711 41968856.4893 67039214.4784 38210896.9808 63142863.753 18308592.0508 17540992.9874 35768865.5425 51826782.0253 43165243.3122 92805934.6654 7410432.99435 61732193.9817 30213025.396 91556582.4049 68660974.5372 68047251.444 40005398.3761 93354559.6648 42504006.5209 29575721.9308 13735414.6258 73700191.0371 64490010.4561 80539409.3894 86572309.9671 40895884.1511 36942459.369 82783307.8388 64304575.8499 37620117.7716 53142098.5185 8407678.22692 81522641.5484 47484537.2265 56278438.2609 75224018.7541 90571438.253 25622112.2796 72565390.6634 4687877.42146 46011767.6753 87795051.3397 47086188.3273 93062834.8177 68849118.2991 69935152.3814 29183572.11 60331422.5897 88706245.9438 33794887.0601 57598415.6985 17569454.4291 83142210.228 30341420.7798 69204262.5457 
