50
0 1 2 3 4 5 6 7 8 9 10 11 12 13 14 15 16 17 18 19 20 21 22 23 24 25 26 27 28 29 30 31 32 33 34 35 36 37 38 39 40 41 42 43 44 45 46 47 48 49 
33 
0.34566 480083.20084 79747.13596 270421.00155 627486.58281 550419.9879 404616.57634 386000.13212 672910.99535 382649.70676 765100.35885 456128.9436 416433.07215 184473.35172 148937.16844 436113.79686 597771.25562 423096.26995 184056.29599 315409.83032 340323.60804 820145.0027 505981.01487 98900.29168 393666.01374 322423.64336 738233.48836 264680.36451 504765.14986 74397.05788 705969.59515 272606.71951 384544.70257 359714.27928 834742.11019 181361.19557 714020.00114 447641.05687 552292.22796 541627.18993 652508.67212 585660.71098 627250.23321 651556.77228 361377.64309 704160.31336 644756.48367 207331.4211 259566.51745 551310.32021 
480083.20084 0.28433 463450.39418 358549.49102 565665.07372 92437.68016 246082.65875 209335.70375 669950.13911 861393.08562 1163639.21459 707911.69716 790449.90277 403016.15143 627936.00588 908891.82505 242571.23924 837912.10581 296616.49646 688815.57289 806037.70885 958634.55686 968979.32064 386927.25636 368293.28184 188822.97942 961600.78187 224623.40909 252066.50926 406296.07904 969239.50195 716547.45788 791185.77117 741952.2239 873049.17817 503074.13092 625043.24534 922222.48368 986062.89617 961393.12403 976934.96455 261644.40174 778106.90776 1018033.49646 691528.9642 951839.0638 1065861.98764 342344.93025 739507.89897 543671.59563 
79747.13596 463450.39418 0.60874 201512.4439 550291.57123 523848.52728 349928.98007 338079.77189 593447.39099 420465.03749 733449.37962 385300.59516 370580.77077 111717.88699 196090.64245 446403.19895 550407.55376 393117.44048 183207.81913 265366.95356 394967.40379 744658.36264 505826.91608 85192.88943 322889.52476 330022.47081 669520.88957 239282.54443 450533.62005 99178.83967 642131.32438 340289.49963 457873.7013 436680.22625 755311.18091 257703.85687 636904.95113 460464.2208 533343.77648 515842.8598 598948.04448 534652.98188 550599.75555 608479.23281 301002.58643 638054.90372 620721.03288 247968.9256 295421.93657 473000.6611 
270421.00155 358549.49102 201512.4439 0.66137 367405.59094 388779.87084 165340.90713 171107.91613 431775.13963 612623.2794 809240.5132 353024.61925 437934.65689 90402.86669 396601.26852 611283.99337 370012.94917 496002.10793 211297.57622 341706.60103 595524.4266 651344.22268 653685.67851 191365.36415 123382.13939 311992.76843 621689.80744 171460.27286 261547.01421 234982.86362 619215.67229 540764.35323 654963.89648 628276.91947 617212.11163 417648.78581 452595.26541 627840.00468 647262.07089 616854.48628 618774.54075 348497.55054 457295.00572 660437.46901 335152.62137 605011.61531 719301.29314 328755.90722 489203.29536 299733.13184 
627486.58281 565665.07372 550291.57123 367405.59094 0.56498 529916.2727 335705.497 379341.63416 112171.01608 909691.21773 877637.31081 392560.9518 580498.91123 443953.77836 729128.89094 856303.36573 388117.83673 669295.31656 568978.14251 536976.88157 920171.14466 434323.56916 865245.69274 558104.68458 252614.43101 626042.15494 505432.97786 497706.05535 317406.08045 601603.55175 551555.84379 885474.18441 1006990.9143 986851.39182 311081.27013 784824.93249 86620.47743 875322.65857 804902.29508 759639.86781 628217.69917 352691.80108 309621.47252 714514.37759 482886.81649 522344.26074 840086.89236 687549.36351 798125.25694 84259.98107 
550419.9879 92437.68016 523848.52728 388779.87084 529916.2727 0.4126 245317.13063 220814.30785 639055.37768 933067.35872 1197670.44722 724167.08581 826696.91977 448791.66343 699330.23841 969948.57676 167939.93093 881777.1878 370786.76355 729006.01342 883441.21666 942613.39904 1024946.54218 453668.07178 368224.84946 278419.33234 961932.61369 286723.33922 213610.60706 478372.93196 977274.90615 797476.84352 877142.83928 829384.77485 840869.27553 589367.00201 579578.08928 984258.32001 1032103.2377 1003986.33145 997322.87324 194580.12996 771348.42394 1046684.52437 723411.82693 957265.28679 1107222.57683 429508.8778 809481.02156 521387.32049 
404616.57634 246082.65875 349928.98007 165340.90713 335705.497 245317.13063 0.84599 43672.20824 432268.50813 769513.5143 960588.12065 479492.89408 594238.1525 247696.86695 544904.17984 775936.81407 204929.37885 657895.95098 273366.06721 502858.1718 742651.55685 712651.52456 818993.65934 309199.2695 124054.25889 293959.74211 719364.91238 182304.2985 100669.38939 348612.88527 732316.79072 676231.45676 780433.79264 745280.7199 634331.86193 514023.91646 407235.35933 792258.09156 809365.41803 776934.53115 753227.8842 185442.05236 532778.66622 806320.32259 487915.59655 712852.16512 877806.45883 383212.30331 644778.92376 301334.06039 
386000.13212 209335.70375 338079.77189 171107.91613 379341.63416 220814.30785 43672.20824 0.04987 475202.29013 758480.24207 977649.4727 504831.06474 607987.98768 243599.2507 530124.58215 773729.78797 212611.53472 667079.07149 241308.09836 512799.13834 726025.84799 751505.68395 821034.02842 288251.83095 159225.11614 251042.54085 752584.27109 146737.77477 123576.05469 325175.53157 762256.59862 655074.65765 755351.52738 717905.67897 676905.39637 483386.16617 450751.38655 789454.83701 818281.72003 787915.51109 777178.08555 199834.07044 568991.62815 825931.02878 503520.13774 743942.29294 890147.43147 346761.03551 633389.25472 343456.81468 
672910.99535 669950.13911 593447.39099 431775.13963 112171.01608 639055.37768 432268.50813 475202.29013 0.59123 915781.14788 811696.78004 355744.84416 550719.50054 495843.22374 756809.42033 843974.96709 500144.57129 642320.29416 641470.81631 527420.04064 938855.46793 324329.95696 841261.33951 615765.8113 331995.74996 714602.17591 410636.88208 580165.6989 425630.09009 658202.57818 465554.17915 916337.03862 1041323.38083 1027299.72745 203100.28814 841138.41378 120633.79325 863239.44029 766353.18458 718641.93193 557247.80036 464652.85677 224943.86397 650850.69507 465176.95689 434411.58654 789486.22709 759868.77103 812522.91476 135120.13938 
382649.70676 861393.08562 420465.03749 612623.2794 909691.21773 933067.35872 769513.5143 758480.24207 915781.14788 0.40102 591732.17975 586148.31309 417858.25466 523665.70603 233794.81578 157705.62324 970872.51602 344708.45141 564802.70252 393957.27116 105403.06405 936351.15715 244741.40812 480075.93691 724271.10148 692670.4287 796911.94698 646981.73836 869797.14253 455403.30215 731810.31127 203410.98455 271532.46472 314857.93853 1021733.24486 414667.10065 992868.54839 150786.79825 363739.42803 390167.72462 620653.83822 954717.51195 779880.83753 559579.09238 461933.62231 747072.82276 455976.00119 549699.75839 125108.99495 825647.44131 
765100.35885 1163639.21459 733449.37962 809240.5132 877637.31081 1197670.44722 960588.12065 977649.4727 811696.78004 591732.17975 0.8388 500149.10264 373297.68188 762622.94258 680846.45437 434199.54923 1148338.27114 342156.72092 915004.12545 476915.63631 691811.44342 620865.43903 348045.411 818441.62789 851071.94625 1061177.40191 452220.20712 947815.97313 1036099.10026 826345.36056 372868.04369 766501.10428 860947.84704 897015.69247 790017.07678 904899.66861 929364.25861 441538.5006 232920.99994 226430.64178 255583.94411 1117915.50971 589410.09302 163373.23766 474258.72628 405479.90464 136176.82603 971903.51101 610819.56895 809789.18832 
456128.9436 707911.69716 385300.59516 353024.61925 392560.9518 724167.08581 479492.89408 504831.06474 355744.84416 586148.31309 500149.10264 0.87306 195119.73988 346176.50263 479083.2816 494587.84005 654031.01276 286928.69385 525670.84967 194011.61881 629908.3111 371735.47881 485958.67477 450809.97872 360847.82131 654830.9513 284901.94822 519174.45656 543636.2854 480748.58956 268268.41804 634546.62795 761474.72473 763149.9142 435593.24571 637028.89526 459144.71374 513817.59956 413542.89614 367426.31915 274178.32115 622147.49632 194767.31793 338315.44537 124938.11433 258021.42812 448654.85418 623087.67533 501220.05264 316564.29377 
416433.07215 790449.90277 370580.77077 437934.65689 580498.91123 826696.91977 594238.1525 607987.98768 550719.50054 417858.25466 373297.68188 195119.73988 0.65014 389513.78906 376773.42371 305829.14502 789430.35424 91915.61399 547587.26069 105929.38274 481222.24659 518863.73467 290889.61121 453770.92456 492971.3753 692216.23661 381962.63397 574996.79833 676495.82651 467995.37566 324126.13545 511865.1779 632960.28797 647840.02954 618268.06676 580448.77896 651477.47237 324752.97151 227404.98096 186976.00919 240626.61356 761332.02724 374803.0109 237951.55366 108303.89327 334506.85683 284050.2524 616816.76437 358944.96247 500276.12572 
184473.35172 403016.15143 111717.88699 90402.86669 443953.77836 448791.66343 247696.86695 243599.2507 495843.22374 523665.70603 762622.94258 346176.50263 389513.78906 0.72751 306213.85408 530184.42777 451954.06238 435148.65687 179814.87587 286258.93169 505124.1783 680409.3372 578495.02265 121549.47617 211196.55589 311875.40916 628070.71098 185737.79212 347022.73755 162761.98586 613785.31645 451864.56377 568108.69125 544134.11364 669319.3626 345295.33343 530324.18777 546032.27634 584280.5371 558462.32181 593972.53858 433034.86029 484101.81729 622336.32183 296660.68372 604147.12364 662852.44163 284843.92387 399706.19077 369781.09844 
148937.16844 627936.00588 196090.64245 396601.26852 729128.89094 699330.23841 544904.17984 530124.58215 756809.42033 233794.81578 680846.45437 479083.2816 376773.42371 306213.85408 0.38952 303783.68051 742677.91153 351174.84361 331330.79405 297717.72204 198973.80098 850639.92272 383072.91234 247000.69042 515788.35901 463124.78387 742248.63217 413538.39708 645571.40727 221711.44941 695276.82054 160098.68484 286820.71941 284072.15444 896219.41819 225405.2402 815252.93524 312402.77823 453690.36199 454617.22696 616343.95191 728649.04806 668598.63793 592206.34185 361577.88264 700475.35989 550946.83135 328504.59009 112264.82893 647844.25739 
436113.79686 908891.82505 446403.19895 611283.99337 856303.36573 969948.57676 775936.81407 773729.78797 843974.96709 157705.62324 434199.54923 494587.84005 305829.14502 530184.42777 303783.68051 0.65134 980863.29881 218581.11959 617833.34895 319478.15781 258414.36104 818439.7155 89736.80819 522596.34011 707367.90429 758524.38999 668116.1615 685498.41685 872685.84387 509930.55596 597402.23502 341976.8836 427285.23034 466303.77973 924014.26541 521215.59156 934561.51595 19275.17194 206579.37997 236470.14252 477947.90545 959745.0636 680434.83155 408075.17392 378806.05257 616272.82307 298316.35494 631397.0029 202204.86569 772510.84707 
597771.25562 242571.23924 550407.55376 370012.94917 388117.83673 167939.93093 204929.37885 212611.53472 500144.57129 970872.51602 1148338.27114 654031.01276 789430.35424 451954.06238 742677.91153 980863.29881 0.40715 857867.05921 440655.6016 702867.17601 938059.42571 817130.34853 1023217.0539 499377.79385 297577.5118 396974.77582 859462.6699 344314.17533 112934.90518 534339.55754 886552.20462 864552.04093 960059.10889 919049.95436 696918.67388 680015.18887 425394.98652 997157.91605 1009117.57131 974605.56707 926801.31282 35734.42043 662320.97536 989881.86114 681550.19435 862772.50147 1073437.39882 529712.44221 845814.91481 398625.74741 
423096.26995 837912.10581 393117.44048 496002.10793 669295.31656 881777.1878 657895.95098 667079.07149 642320.29416 344708.45141 342156.72092 286928.69385 91915.61399 435148.65687 351174.84361 218581.11959 857867.05921 0.30662 575879.00367 155106.68558 420038.22055 600213.43423 199030.38681 478308.71768 564925.43152 722617.74059 453493.20378 616570.93808 745317.12911 484467.59336 387102.15091 466371.87496 580637.39207 602896.89586 707880.44223 569829.01249 741782.03526 237015.71438 151469.5725 123795.91722 280446.01309 831493.10407 464929.98916 241393.35762 188611.09895 402892.79454 228812.27735 629753.54383 307514.22767 588017.15883 
184056.29599 296616.49646 183207.81913 211297.57622 568978.14251 370786.76355 273366.06721 241308.09836 641470.81631 564802.70252 915004.12545 525670.84967 547587.26069 179814.87587 331330.79405 617833.34895 440655.6016 575879.00367 0.59754 441660.76901 512698.8619 855310.2929 683570.52933 98494.60969 316386.04241 146828.55879 807869.91861 96618.86494 364766.3405 109847.40892 792690.70576 429204.0653 519516.77034 478817.81038 828501.29832 242163.73553 651257.24049 630128.50481 716439.04154 698892.06701 766161.7718 435431.88133 659361.31458 785035.65078 466005.48138 783692.18059 803832.20422 118741.83721 443041.38114 507755.00301 
315409.83032 688815.57289 265366.95356 341706.60103 536976.88157 729006.01342 502858.1718 512799.13834 527420.04064 393957.27116 476915.63631 194011.61881 105929.38274 286258.93169 297717.72204 319478.15781 702867.17601 155106.68558 441660.76901 0.90157 436189.71515 559080.51428 333856.35126 348039.54791 411080.27639 586429.4721 444531.00073 470978.15921 590410.8375 363461.95491 399821.85257 446814.28758 572596.88865 579152.60021 628632.4236 485764.6848 615154.40912 338574.05116 306552.78509 275186.45885 337099.46904 676754.33921 388776.70815 343694.8483 69122.47908 403318.58455 378256.72479 512509.23584 307730.21889 453371.90397 
340323.60804 806037.70885 394967.40379 595524.4266 920171.14466 883441.21666 742651.55685 726025.84799 938855.46793 105403.06405 691811.44342 629908.3111 481222.24659 505124.1783 198973.80098 258414.36104 938059.42571 420038.22055 512698.8619 436189.71515 0.75232 992619.09343 347367.44799 439011.49389 714070.17098 628565.0324 863152.95773 601981.97025 843243.46942 407228.33584 803280.36479 105821.99551 169144.20731 209584.20809 1061950.18944 331238.51652 1005494.63798 253941.76356 460977.63265 482676.24603 700295.62048 925380.53703 824562.73128 647981.69806 505273.8321 815475.27408 555659.9739 478736.96043 128856.61177 837457.72802 
820145.0027 958634.55686 744658.36264 651344.22268 434323.56916 942613.39904 712651.52456 751505.68395 324329.95696 936351.15715 620865.43903 371735.47881 518863.73467 680409.3372 850639.92272 818439.7155 817130.34853 600213.43423 855310.2929 559080.51428 992619.09343 0.57765 781487.09507 797915.85497 593050.37237 961928.61937 170137.99264 821003.44879 730771.06536 833640.20737 251583.94882 1004845.79637 1131275.3076 1134640.48574 188453.65036 1001393.42811 432715.00854 836521.26193 670138.89755 620863.54571 383406.49008 781396.39116 196307.89191 486861.84082 491273.29269 221421.80788 651904.58153 965221.19584 865392.95322 421828.45013 
505981.01487 968979.32064 505826.91608 653685.67851 865245.69274 1024946.54218 818993.65934 821034.02842 841261.33951 244741.40812 348045.411 485958.67477 290889.61121 578495.02265 383072.91234 89736.80819 1023217.0539 199030.38681 683570.52933 333856.35126 347367.44799 781487.09507 0.48317 586244.33335 739754.62067 827254.62026 623249.23342 744413.45011 912691.8387 578274.41335 548005.42236 431561.79949 515790.37371 555818.58711 902000.26176 604785.68621 939420.76466 93960.44504 129795.82123 170062.59811 421347.19873 999849.79223 660607.92808 340248.47742 382371.06109 570254.34581 213445.09699 706923.36227 287943.62792 782916.33101 
98900.29168 386927.25636 85192.88943 191365.36415 558104.68458 453668.07178 309199.2695 288251.83095 615765.8113 480075.93691 818441.62789 450809.97872 453770.92456 121549.47617 247000.69042 522596.34011 499377.79385 478308.71768 98494.60969 348039.54791 439011.49389 797915.85497 586244.33335 0.11009 313171.52786 245106.77286 735575.51262 167049.04359 408538.68212 43619.07374 713823.5142 367274.0974 472542.00041 441016.95083 790868.79739 226806.63619 643681.13635 535558.61497 618022.47502 601004.38603 678171.80416 488083.62522 601858.04851 691697.98374 378303.7514 707434.22451 705851.68218 172412.89387 355958.11171 487326.43669 
393666.01374 368293.28184 322889.52476 123382.13939 252614.43101 368224.84946 124054.25889 159225.11614 331995.74996 724271.10148 851071.94625 360847.82131 492971.3753 211196.55589 515788.35901 707367.90429 297577.5118 564925.43152 316386.04241 411080.27639 714070.17098 593050.37237 739754.62067 313171.52786 0.93956 383253.16196 595313.89579 248327.34827 185039.62387 356694.3876 609074.86217 663038.41373 778194.14691 751607.16202 528834.1054 537831.24033 335282.37218 724949.61186 715331.12828 679080.56768 635006.61385 268475.98338 409826.25885 693553.57502 384783.42256 589138.25771 776679.0507 434934.94585 602985.57172 196899.11419 
322423.64336 188822.97942 330022.47081 311992.76843 626042.15494 278419.33234 293959.74211 251042.54085 714602.17591 692670.4287 1061177.40191 654830.9513 692216.23661 311875.40916 463124.78387 758524.38999 396974.77582 722617.74059 146828.55879 586429.4721 628565.0324 961928.61937 827254.62026 245106.77286 383253.16196 0.02854 931394.47704 140959.77756 356905.14453 249068.36842 923099.34563 534529.66323 603471.01094 553411.73335 911957.10841 315620.22663 700608.45342 769859.17954 863123.01742 845702.52069 905463.95589 403856.61125 768940.91373 928914.07105 606550.82712 911516.9986 950654.46813 154824.18688 575274.81597 579782.39345 
738233.48836 961600.78187 669520.88957 621689.80744 505432.97786 961932.61369 719364.91238 752584.27109 410636.88208 796911.94698 452220.20712 284901.94822 381962.63397 628070.71098 742248.63217 668116.1615 859462.6699 453493.20378 807869.91861 444531.00073 863152.95773 170137.99264 623249.23342 735575.51262 595313.89579 931394.47704 0.83929 792464.2929 759781.52243 765577.2701 81527.42433 888455.43542 1012142.44652 1022571.6519 340856.35389 917892.99583 530532.64068 685393.86141 506589.34707 458167.88066 214269.95257 824412.92157 198678.19519 317150.78111 382989.69627 53322.4076 482820.47507 907721.09664 739680.92918 464861.01723 
264680.36451 224623.40909 239282.54443 171460.27286 497706.05535 286723.33922 182304.2985 146737.77477 580165.6989 646981.73836 947815.97313 519174.45656 574996.79833 185737.79212 413538.39708 685498.41685 344314.17533 616570.93808 96618.86494 470978.15921 601981.97025 821003.44879 744413.45011 167049.04359 248327.34827 140959.77756 792464.2929 0.02447 269467.21515 194753.95434 787055.35526 522563.40104 615746.12461 575435.1135 774818.89085 338264.32972 576486.33756 699266.34378 763256.18052 740339.13241 776859.55391 338824.73284 628020.41189 807980.44766 481821.42217 774222.01421 845216.16074 200912.99133 523001.40269 445048.5011 
504765.14986 252066.50926 450533.62005 261547.01421 317406.08045 213610.60706 100669.38939 123576.05469 425630.09009 869797.14253 1036099.10026 543636.2854 676495.82651 347022.73755 645571.40727 872685.84387 112934.90518 745317.12911 364766.3405 590410.8375 843243.46942 730771.06536 912691.8387 408538.68212 185039.62387 356905.14453 759781.52243 269467.21515 0.95319 446958.8064 782298.00162 775806.90612 878128.74861 841310.40204 627865.46693 606902.49894 373096.21433 889334.37821 896478.40879 861735.6794 817219.55745 87196.58856 565191.33386 878243.1835 568622.97293 759811.91212 960503.05725 467659.9668 745174.02385 308964.9278 
74397.05788 406296.07904 99178.83967 234982.86362 601603.55175 478372.93196 348612.88527 325175.53157 658202.57818 455403.30215 826345.36056 480748.58956 467995.37566 162761.98586 221711.44941 509930.55596 534339.55754 484467.59336 109847.40892 363461.95491 407228.33584 833640.20737 578274.41335 43619.07374 356694.3876 249068.36842 765577.2701 194753.95434 446958.8064 0.88723 740315.90505 330271.64487 431888.05546 398769.86258 831393.57561 183512.69591 687239.0378 521717.82309 619080.92021 605445.12633 698014.30857 524709.35829 638044.66551 705540.45078 400131.49863 735459.6986 709597.55728 149085.07119 333234.72471 530402.83047 
705969.59515 969239.50195 642131.32438 619215.67229 551555.84379 977274.90615 732316.79072 762256.59862 465554.17915 731810.31127 372868.04369 268268.41804 324126.13545 613785.31645 695276.82054 597402.23502 886552.20462 387102.15091 792690.70576 399821.85257 803280.36479 251583.94882 548005.42236 713823.5142 609074.86217 923099.34563 81527.42433 787055.35526 782298.00162 740315.90505 0.32841 835654.439 957074.25873 971239.51176 417481.49008 882589.05192 586181.00198 614111.52885 428513.5163 380835.46107 133285.76943 852267.65601 242567.26287 235684.72688 344892.77358 33087.72708 401569.46079 886085.55795 682872.20219 501118.30573 
272606.71951 716547.45788 340289.49963 540764.35323 885474.18441 797476.84352 676231.45676 655074.65765 916337.03862 203410.98455 766501.10428 634546.62795 511865.1779 451864.56377 160098.68484 341976.8836 864552.04093 466371.87496 429204.0653 446814.28758 105821.99551 1004845.79637 431561.79949 367274.0974 663038.41373 534529.66323 888455.43542 522563.40104 775806.90612 330271.64487 835654.439 0.39485 127288.83241 136661.35433 1055809.04248 228608.826 971899.24394 341522.35208 533586.57371 547898.34121 744347.88941 854811.27723 826145.59536 704443.99178 513683.82527 843983.26525 630931.67261 381766.75453 159594.24495 805193.54743 
384544.70257 791185.77117 457873.7013 654963.89648 1006990.9143 877142.83928 780433.79264 755351.52738 1041323.38083 271532.46472 860947.84704 761474.72473 632960.28797 568108.69125 286820.71941 427285.23034 960059.10889 580637.39207 519516.77034 572596.88865 169144.20731 1131275.3076 515790.37371 472542.00041 778194.14691 603471.01094 1012142.44652 615746.12461 878128.74861 431888.05546 957074.25873 127288.83241 0.6557 61164.59267 1182938.47316 288111.98028 1093574.88587 421999.46892 629999.97131 650600.37494 860741.07517 953475.25252 953370.01232 813741.21174 640002.83115 966680.50058 724801.46064 448915.95308 274603.05735 927795.49944 
359714.27928 741952.2239 436680.22625 628276.91947 986851.39182 829384.77485 745280.7199 717905.67897 1027299.72745 314857.93853 897015.69247 763149.9142 647840.02954 544134.11364 284072.15444 466303.77973 919049.95436 602896.89586 478817.81038 579152.60021 209584.20809 1134640.48574 555818.58711 441016.95083 751607.16202 553411.73335 1022571.6519 575435.1135 841310.40204 398769.86258 971239.51176 136661.35433 61164.59267 0.00862 1176649.46986 240676.64465 1073441.34978 462974.83606 664571.91728 681537.68599 881000.581 914204.21572 952160.85509 840275.93651 644689.43879 978875.65777 760947.66904 399924.39411 295645.30117 909547.09034 
834742.11019 873049.17817 755311.18091 617212.11163 311081.27013 840869.27553 634331.86193 676905.39637 203100.28814 1021733.24486 790017.07678 435593.24571 618268.06676 669319.3626 896219.41819 924014.26541 696918.67388 707880.44223 828501.29832 628632.4236 1061950.18944 188453.65036 902000.26176 790868.79739 528834.1054 911957.10841 340856.35389 774818.89085 627865.46693 831393.57561 417481.49008 1055809.04248 1182938.47316 1176649.46986 0.70059 1010828.46229 279318.50776 942990.8147 804143.93248 754293.35781 540158.90258 661916.79939 243654.1099 643516.74622 560009.66156 384647.98996 802416.91809 945342.11211 933129.98831 333813.50658 
181361.19557 503074.13092 257703.85687 417648.78581 784824.93249 589367.00201 514023.91646 483386.16617 841138.41378 414667.10065 904899.66861 637028.89526 580448.77896 345295.33343 225405.2402 521215.59156 680015.18887 569829.01249 242163.73553 485764.6848 331238.51652 1001393.42811 604785.68621 226806.63619 537831.24033 315620.22663 917892.99583 338264.32972 606902.49894 183512.69591 882589.05192 228608.826 288111.98028 240676.64465 1010828.46229 0.17009 870233.18381 526976.83034 679010.06732 678470.4376 820433.32771 676674.81951 808044.47366 808048.243 537837.31096 882351.55722 776067.41432 160874.64246 319326.05667 713899.33389 
714020.00114 625043.24534 636904.95113 452595.26541 86620.47743 579578.08928 407235.35933 450751.38655 120633.79325 992868.54839 929364.25861 459144.71374 651477.47237 530324.18777 815252.93524 934561.51595 425394.98652 741782.03526 651257.24049 615154.40912 1005494.63798 432715.00854 939420.76466 643681.13635 335282.37218 700608.45342 530532.64068 576486.33756 373096.21433 687239.0378 586181.00198 971899.24394 1093574.88587 1073441.34978 279318.50776 870233.18381 0.59055 953692.99838 872638.04302 826069.79105 675856.91651 391611.83117 345127.28209 767583.20295 558044.81803 555037.65421 901570.00396 769462.19163 882695.56072 168056.28485 
447641.05687 922222.48368 460464.2208 627840.00468 875322.65857 984258.32001 792258.09156 789454.83701 863239.44029 150786.79825 441538.5006 513817.59956 324752.97151 546032.27634 312402.77823 19275.17194 997157.91605 237015.71438 630128.50481 338574.05116 253941.76356 836521.26193 93960.44504 535558.61497 724949.61186 769859.17954 685393.86141 699266.34378 889334.37821 521717.82309 614111.52885 341522.35208 421999.46892 462974.83606 942990.8147 526976.83034 953692.99838 0.6226 217046.14895 249548.97493 493536.27239 976337.01426 699438.26737 421527.16944 398067.60707 633388.19258 306250.7682 640704.70444 207673.13368 791495.98289 
552292.22796 986062.89617 533343.77648 647262.07089 804902.29508 1032103.2377 809365.41803 818281.72003 766353.18458 363739.42803 232920.99994 413542.89614 227404.98096 584280.5371 453690.36199 206579.37997 1009117.57131 151469.5725 716439.04154 306552.78509 460977.63265 670138.89755 129795.82123 618022.47502 715331.12828 863123.01742 506589.34707 763256.18052 896478.40879 619080.92021 428513.5163 533586.57371 629999.97131 664571.91728 804143.93248 679010.06732 872638.04302 217046.14895 0.07589 49876.46419 298058.02238 982479.16789 568609.47767 211369.30369 334031.1659 453267.61152 98118.36913 759302.34648 378281.48667 726061.85019 
541627.18993 961393.12403 515842.8598 616854.48628 759639.86781 1003986.33145 776934.53115 787915.51109 718641.93193 390167.72462 226430.64178 367426.31915 186976.00919 558462.32181 454617.22696 236470.14252 974605.56707 123795.91722 698892.06701 275186.45885 482676.24603 620863.54571 170062.59811 601004.38603 679080.56768 845702.52069 458167.88066 740339.13241 861735.6794 605445.12633 380835.46107 547898.34121 650600.37494 681537.68599 754293.35781 678470.4376 826069.79105 249548.97493 49876.46419 0.4554 251927.59445 947118.13493 519149.1552 172041.95826 295101.02129 404871.85871 105079.00019 748916.0849 389579.48665 681711.10346 
652508.67212 976934.96455 598948.04448 618774.54075 628217.69917 997322.87324 753227.8842 777178.08555 557247.80036 620653.83822 255583.94411 274178.32115 240626.61356 593972.53858 616343.95191 477947.90545 926801.31282 280446.01309 766161.7718 337099.46904 700295.62048 383406.49008 421347.19873 678171.80416 635006.61385 905463.95589 214269.95257 776859.55391 817219.55745 698014.30857 133285.76943 744347.88941 860741.07517 881000.581 540158.90258 820433.32771 675856.91651 493536.27239 298058.02238 251927.59445 0.16314 894297.18799 334005.78255 103968.19832 300279.36168 161993.44715 268599.11451 846910.87276 586767.24284 565238.98568 
585660.71098 261644.40174 534652.98188 348497.55054 352691.80108 194580.12996 185442.05236 199834.07044 464652.85677 954717.51195 1117915.50971 622147.49632 761332.02724 433034.86029 728649.04806 959745.0636 35734.42043 831493.10407 435431.88133 676754.33921 925380.53703 781396.39116 999849.79223 488083.62522 268475.98338 403856.61125 824412.92157 338824.73284 87196.58856 524709.35829 852267.65601 854811.27723 953475.25252 914204.21572 661916.79939 676674.81951 391611.83117 976337.01426 982479.16789 947118.13493 894297.18799 0.22219 627064.55862 958794.27768 653210.27993 828231.327 1045135.78743 530052.70585 829866.37104 363042.00292 
627250.23321 778106.90776 550599.75555 457295.00572 309621.47252 771348.42394 532778.66622 568991.62815 224943.86397 779880.83753 589410.09302 194767.31793 374803.0109 484101.81729 668598.63793 680434.83155 662320.97536 464929.98916 659361.31458 388776.70815 824562.73128 196307.89191 660607.92808 601858.04851 409826.25885 768940.91373 198678.19519 628020.41189 565191.33386 638044.66551 242567.26287 826145.59536 953370.01232 952160.85509 243654.1099 808044.47366 345127.28209 699438.26737 568609.47767 519149.1552 334005.78255 627064.55862 0.30326 430851.32198 319684.4481 212791.28995 578327.10366 768914.92905 695807.26593 266250.50497 
651556.77228 1018033.49646 608479.23281 660437.46901 714514.37759 1046684.52437 806320.32259 825931.02878 650850.69507 559579.09238 163373.23766 338315.44537 237951.55366 622336.32183 592206.34185 408075.17392 989881.86114 241393.35762 785035.65078 343694.8483 647981.69806 486861.84082 340248.47742 691697.98374 693553.57502 928914.07105 317150.78111 807980.44766 878243.1835 705540.45078 235684.72688 704443.99178 813741.21174 840275.93651 643516.74622 808048.243 767583.20295 421527.16944 211369.30369 172041.95826 103968.19832 958794.27768 430851.32198 0.51284 326846.54174 265506.46823 166469.52867 854099.24128 544856.94846 646424.85455 
361377.64309 691528.9642 301002.58643 335152.62137 482886.81649 723411.82693 487915.59655 503520.13774 465176.95689 461933.62231 474258.72628 124938.11433 108303.89327 296660.68372 361577.88264 378806.05257 681550.19435 188611.09895 466005.48138 69122.47908 505273.8321 491273.29269 382371.06109 378303.7514 384783.42256 606550.82712 382989.69627 481821.42217 568622.97293 400131.49863 344892.77358 513683.82527 640002.83115 644689.43879 560009.66156 537837.31096 558044.81803 398067.60707 334031.1659 295101.02129 300279.36168 653210.27993 319684.4481 326846.54174 0.0478 344884.14206 391942.06291 548340.29007 376739.09176 400638.85214 
704160.31336 951839.0638 638054.90372 605011.61531 522344.26074 957265.28679 712852.16512 743942.29294 434411.58654 747072.82276 405479.90464 258021.42812 334506.85683 604147.12364 700475.35989 616272.82307 862772.50147 402892.79454 783692.18059 403318.58455 815475.27408 221421.80788 570254.34581 707434.22451 589138.25771 911516.9986 53322.4076 774222.01421 759811.91212 735459.6986 33087.72708 843983.26525 966680.50058 978875.65777 384647.98996 882351.55722 555037.65421 633388.19258 453267.61152 404871.85871 161993.44715 828231.327 212791.28995 265506.46823 344884.14206 0.02633 430553.34292 879847.05929 693259.60037 474239.15861 
644756.48367 1065861.98764 620721.03288 719301.29314 840086.89236 1107222.57683 877806.45883 890147.43147 789486.22709 455976.00119 136176.82603 448654.85418 284050.2524 662852.44163 550946.83135 298316.35494 1073437.39882 228812.27735 803832.20422 378256.72479 555659.9739 651904.58153 213445.09699 705851.68218 776679.0507 950654.46813 482820.47507 845216.16074 960503.05725 709597.55728 401569.46079 630931.67261 724801.46064 760947.66904 802416.91809 776067.41432 901570.00396 306250.7682 98118.36913 105079.00019 268599.11451 1045135.78743 578327.10366 166469.52867 391942.06291 430553.34292 0.88262 852079.61697 476282.70325 765219.1164 
207331.4211 342344.93025 247968.9256 328755.90722 687549.36351 429508.8778 383212.30331 346761.03551 759868.77103 549699.75839 971903.51101 623087.67533 616816.76437 284843.92387 328504.59009 631397.0029 529712.44221 629753.54383 118741.83721 512509.23584 478736.96043 965221.19584 706923.36227 172412.89387 434934.94585 154824.18688 907721.09664 200912.99133 467659.9668 149085.07119 886085.55795 381766.75453 448915.95308 399924.39411 945342.11211 160874.64246 769462.19163 640704.70444 759302.34648 748916.0849 846910.87276 530052.70585 768914.92905 854099.24128 548340.29007 879847.05929 852079.61697 0.46097 438227.16687 626382.17785 
259566.51745 739507.89897 295421.93657 489203.29536 798125.25694 809481.02156 644778.92376 633389.25472 812522.91476 125108.99495 610819.56895 501220.05264 358944.96247 399706.19077 112264.82893 202204.86569 845814.91481 307514.22767 443041.38114 307730.21889 128856.61177 865392.95322 287943.62792 355958.11171 602985.57172 575274.81597 739680.92918 523001.40269 745174.02385 333234.72471 682872.20219 159594.24495 274603.05735 295645.30117 933129.98831 319326.05667 882695.56072 207673.13368 378281.48667 389579.48665 586767.24284 829866.37104 695807.26593 544856.94846 376739.09176 693259.60037 476282.70325 438227.16687 0.67648 714718.26217 
551310.32021 543671.59563 473000.6611 299733.13184 84259.98107 521387.32049 301334.06039 343456.81468 135120.13938 825647.44131 809789.18832 316564.29377 500276.12572 369781.09844 647844.25739 772510.84707 398625.74741 588017.15883 507755.00301 453371.90397 837457.72802 421828.45013 782916.33101 487326.43669 196899.11419 579782.39345 464861.01723 445048.5011 308964.9278 530402.83047 501118.30573 805193.54743 927795.49944 909547.09034 333813.50658 713899.33389 168056.28485 791495.98289 726061.85019 681711.10346 565238.98568 363042.00292 266250.50497 646424.85455 400638.85214 474239.15861 765219.1164 626382.17785 714718.26217 0.95054 
