200
0 1 2 3 4 5 6 7 8 9 10 11 12 13 14 15 16 17 18 19 20 21 22 23 24 25 26 27 28 29 30 31 32 33 34 35 36 37 38 39 40 41 42 43 44 45 46 47 48 49 50 51 52 53 54 55 56 57 58 59 60 61 62 63 64 65 66 67 68 69 70 71 72 73 74 75 76 77 78 79 80 81 82 83 84 85 86 87 88 89 90 91 92 93 94 95 96 97 98 99 x0 x1 x2 x3 x4 x5 x6 x7 x8 x9 x10 x11 x12 x13 x14 x15 x16 x17 x18 x19 x20 x21 x22 x23 x24 x25 x26 x27 x28 x29 x30 x31 x32 x33 x34 x35 x36 x37 x38 x39 x40 x41 x42 x43 x44 x45 x46 x47 x48 x49 x50 x51 x52 x53 x54 x55 x56 x57 x58 x59 x60 x61 x62 x63 x64 x65 x66 x67 x68 x69 x70 x71 x72 x73 x74 x75 x76 x77 x78 x79 x80 x81 x82 x83 x84 x85 x86 x87 x88 x89 x90 x91 x92 x93 x94 x95 x96 x97 x98 x99 
0
1999999999 2794 2097 1656 2251 2119 1515 686 2587 2736 590 2972 366 2003 1023 1433 636 2104 2631 2440 2939 1327 855 407 2416 2870 351 3097 1784 2741 1832 561 2058 361 2460 1682 2536 522 1183 2094 660 1006 1500 1797 2036 875 2859 2950 980 94 2609 663 2079 1302 2692 3157 1883 1579 1949 1980 1259 2362 1299 1709 1798 608 1662 2011 1060 975 1457 1792 1041 1261 1696 1453 1460 1762 439 1526 372 2312 2110 710 1918 1656 2873 404 780 654 1297 2778 1724 510 3180 1639 779 971 1878 2719 1 x x x x x x x x x x x x x x x x x x x x x x x x x x x x x x x x x x x x x x x x x x x x x x x x x x x x x x x x x x x x x x x x x x x x x x x x x x x x x x x x x x x x x x x x x x x x x x x x x x x
2794 1999999999 993 1158 726 1115 3133 2871 956 1101 3276 1788 2457 2059 1922 1674 3406 1323 196 1197 1396 3845 3235 2398 1225 837 2460 1722 3937 207 2445 3338 2144 2819 403 3584 261 2911 1642 1097 2151 3447 1372 1013 2302 2683 1561 203 3746 2862 189 2786 781 1630 774 1398 2663 3861 1224 822 2927 437 1719 1346 2065 2893 3476 2079 2159 3696 1345 2765 1767 3088 3470 2535 1480 2366 2382 2426 2771 1594 1066 2152 1365 1835 827 2391 3472 3409 1627 388 1071 3302 1306 1785 3565 3751 2416 102 x 1 x x x x x x x x x x x x x x x x x x x x x x x x x x x x x x x x x x x x x x x x x x x x x x x x x x x x x x x x x x x x x x x x x x x x x x x x x x x x x x x x x x x x x x x x x x x x x x x x x x
2097 993 1999999999 572 268 156 2157 2004 506 689 2480 1206 1824 1086 1097 749 2648 371 799 480 972 2961 2360 1692 479 773 1747 1244 2983 1084 1454 2658 1176 2025 931 2614 781 2081 934 121 1442 2568 610 514 1327 1778 1001 1053 2971 2145 880 1922 340 801 595 1142 1672 2928 233 517 1969 654 839 413 1074 2043 2502 1106 1251 2891 747 1773 1084 2136 2494 1553 639 1373 1758 1439 1975 721 96 1392 373 846 776 1720 2666 2640 804 776 669 2581 1132 798 2871 2991 1427 981 x x 1 x x x x x x x x x x x x x x x x x x x x x x x x x x x x x x x x x x x x x x x x x x x x x x x x x x x x x x x x x x x x x x x x x x x x x x x x x x x x x x x x x x x x x x x x x x x x x x x x x
1656 1158 572 1999999999 623 683 2092 1724 1065 1256 2119 1755 1340 1344 776 643 2255 823 983 1043 1544 2697 2087 1253 1036 1288 1313 1808 2841 1145 1590 2211 1441 1662 887 2519 898 1755 485 643 1002 2300 252 145 1558 1557 1561 1300 2593 1718 982 1638 428 508 1105 1710 1794 2742 586 338 1853 722 624 454 1244 1740 2422 1365 1053 2539 203 1849 617 2002 2424 1539 395 1493 1268 1462 1614 1183 638 995 687 954 1288 1257 2315 2256 500 1126 179 2160 1694 894 2434 2601 1583 1096 x x x 1 x x x x x x x x x x x x x x x x x x x x x x x x x x x x x x x x x x x x x x x x x x x x x x x x x x x x x x x x x x x x x x x x x x x x x x x x x x x x x x x x x x x x x x x x x x x x x x x x
2251 726 268 623 1999999999 402 2415 2219 505 708 2672 1329 1952 1349 1287 979 2827 620 531 613 1026 3185 2580 1845 626 672 1903 1332 3233 819 1722 2811 1437 2213 687 2870 516 2282 1069 378 1592 2790 754 510 1591 2006 1107 796 3157 2307 615 2135 218 986 491 1149 1940 3170 498 412 2219 404 1048 641 1342 2251 2760 1369 1478 3088 824 2040 1214 2385 2753 1814 824 1641 1882 1703 2164 941 348 1560 641 1110 671 1860 2862 2823 986 544 649 2747 1112 1061 3030 3173 1694 713 x x x x 1 x x x x x x x x x x x x x x x x x x x x x x x x x x x x x x x x x x x x x x x x x x x x x x x x x x x x x x x x x x x x x x x x x x x x x x x x x x x x x x x x x x x x x x x x x x x x x x x
2119 1115 156 683 402 1999999999 2070 1974 470 623 2470 1075 1865 948 1102 720 2648 220 923 364 876 2918 2324 1717 355 772 1770 1126 2908 1220 1333 2677 1036 2020 1080 2530 917 2063 984 41 1472 2529 669 646 1191 1734 879 1155 2963 2161 1015 1894 496 818 609 1065 1551 2864 173 669 1896 801 832 410 954 2019 2415 969 1215 2876 838 1660 1133 2066 2405 1462 665 1257 1802 1343 1970 565 61 1409 271 750 777 1753 2651 2636 824 859 800 2591 1071 709 2885 2987 1302 1111 x x x x x 1 x x x x x x x x x x x x x x x x x x x x x x x x x x x x x x x x x x x x x x x x x x x x x x x x x x x x x x x x x x x x x x x x x x x x x x x x x x x x x x x x x x x x x x x x x x x x x x
1515 3133 2157 2092 2415 2070 1999999999 830 2462 2509 1256 2365 1672 1306 1383 1473 1480 1909 2938 2206 2547 1139 834 1466 2171 2778 1443 2539 864 3182 879 1762 1282 1155 2956 464 2893 1005 1719 2073 1506 902 1840 2216 1147 702 2373 3209 1596 1455 2991 858 2364 1590 2649 2782 741 893 1926 2395 281 2731 1469 1788 1176 912 346 1296 1056 1433 1987 578 1691 266 338 609 1703 900 1692 734 1146 1858 2103 1388 1800 1320 2787 1566 1294 1431 1599 2926 2255 1585 2858 1362 1828 1666 937 3101 x x x x x x 1 x x x x x x x x x x x x x x x x x x x x x x x x x x x x x x x x x x x x x x x x x x x x x x x x x x x x x x x x x x x x x x x x x x x x x x x x x x x x x x x x x x x x x x x x x x x x x
686 2871 2004 1724 2219 1974 830 1999999999 2434 2543 565 2623 884 1564 950 1258 789 1890 2687 2230 2681 974 365 713 2199 2744 673 2773 1217 2868 1285 995 1594 326 2605 1031 2613 186 1255 1962 848 577 1499 1867 1529 286 2557 2993 1038 626 2702 87 2098 1243 2582 2914 1284 1062 1804 2060 583 2438 1171 1592 1368 89 994 1566 761 922 1560 1167 1164 576 1025 881 1400 1237 920 988 320 1997 1986 776 1724 1329 2750 803 706 755 1246 2762 1849 832 2961 1337 1117 1082 1339 2816 x x x x x x x 1 x x x x x x x x x x x x x x x x x x x x x x x x x x x x x x x x x x x x x x x x x x x x x x x x x x x x x x x x x x x x x x x x x x x x x x x x x x x x x x x x x x x x x x x x x x x x
2587 956 506 1065 505 470 2462 2434 1999999999 203 2938 862 2324 1226 1572 1186 3117 560 805 276 524 3365 2778 2184 310 319 2237 839 3315 1124 1656 3145 1295 2489 1097 2925 860 2528 1437 493 1937 2981 1114 981 1459 2186 632 913 3430 2630 938 2355 716 1285 209 651 1867 3288 643 914 2313 831 1301 879 1297 2481 2806 1244 1674 3341 1250 1997 1587 2485 2790 1856 1129 1597 2260 1728 2439 687 477 1877 710 1158 326 2217 3116 3104 1290 593 1132 3060 629 1129 3354 3456 1615 996 x x x x x x x x 1 x x x x x x x x x x x x x x x x x x x x x x x x x x x x x x x x x x x x x x x x x x x x x x x x x x x x x x x x x x x x x x x x x x x x x x x x x x x x x x x x x x x x x x x x x x x
2736 1101 689 1256 708 623 2509 2543 203 1999999999 3062 689 2487 1234 1715 1316 3248 654 968 315 324 3456 2880 2337 348 323 2388 646 3369 1282 1673 3292 1290 2619 1280 2971 1036 2648 1606 653 2094 3077 1287 1178 1453 2285 461 1028 3554 2775 1106 2467 918 1438 329 455 1876 3357 789 1116 2380 1023 1441 1030 1333 2596 2849 1249 1787 3458 1435 2016 1755 2553 2831 1911 1287 1624 2425 1779 2569 671 644 2026 828 1236 334 2375 3235 3233 1444 719 1330 3200 449 1215 3496 3583 1626 1153 x x x x x x x x x 1 x x x x x x x x x x x x x x x x x x x x x x x x x x x x x x x x x x x x x x x x x x x x x x x x x x x x x x x x x x x x x x x x x x x x x x x x x x x x x x x x x x x x x x x x x x
590 3276 2480 2119 2672 2470 1256 565 2938 3062 1999999999 3180 945 2128 1387 1752 232 2409 3101 2751 3219 745 430 903 2722 3240 841 3326 1270 3245 1843 520 2158 460 2969 1268 3015 418 1635 2453 1133 483 1924 2264 2092 850 3105 3417 493 497 3097 620 2525 1687 3071 3449 1825 1044 2298 2454 1072 2839 1643 2071 1930 489 1286 2130 1279 421 1932 1695 1511 993 1329 1439 1850 1799 1013 1550 509 2544 2474 1124 2235 1873 3245 944 200 192 1687 3213 2215 340 3490 1874 577 526 1898 3209 x x x x x x x x x x 1 x x x x x x x x x x x x x x x x x x x x x x x x x x x x x x x x x x x x x x x x x x x x x x x x x x x x x x x x x x x x x x x x x x x x x x x x x x x x x x x x x x x x x x x x x
2972 1788 1206 1755 1329 1075 2365 2623 862 689 3180 1999999999 2791 1084 1975 1564 3391 953 1656 730 411 3434 2915 2603 728 971 2644 182 3218 1971 1487 3501 1088 2777 1958 2804 1719 2764 1978 1115 2387 3090 1698 1718 1219 2342 230 1702 3661 2990 1793 2561 1514 1759 1017 551 1644 3255 1182 1709 2312 1690 1710 1392 1264 2692 2679 1088 1927 3539 1896 1804 2115 2479 2650 1833 1642 1478 2740 1699 2731 663 1124 2289 1130 1322 983 2663 3329 3366 1769 1403 1873 3380 666 1333 3681 3703 1429 1841 x x x x x x x x x x x 1 x x x x x x x x x x x x x x x x x x x x x x x x x x x x x x x x x x x x x x x x x x x x x x x x x x x x x x x x x x x x x x x x x x x x x x x x x x x x x x x x x x x x x x x x
366 2457 1824 1340 1952 1865 1672 884 2324 2487 945 2791 1999999999 1901 817 1227 1001 1880 2300 2205 2715 1667 1143 229 2184 2592 233 2901 2070 2394 1810 883 1968 600 2112 1914 2201 768 891 1836 404 1320 1215 1476 1976 977 2657 2620 1344 454 2271 830 1768 1054 2411 2922 1902 1883 1700 1652 1396 2029 1083 1460 1701 829 1874 1912 965 1339 1138 1838 742 1440 1903 1471 1201 1727 76 1514 581 2129 1848 510 1693 1509 2594 136 1140 1019 1047 2466 1390 865 2935 1481 1111 1332 1847 2379 x x x x x x x x x x x x 1 x x x x x x x x x x x x x x x x x x x x x x x x x x x x x x x x x x x x x x x x x x x x x x x x x x x x x x x x x x x x x x x x x x x x x x x x x x x x x x x x x x x x x x x
2003 2059 1086 1344 1349 948 1306 1564 1226 1234 2128 1084 1901 1999999999 1121 803 2347 737 1870 954 1242 2351 1838 1685 918 1529 1712 1249 2168 2167 441 2495 97 1757 2011 1760 1864 1719 1284 971 1519 2008 1146 1403 243 1279 1069 2082 2598 2004 1963 1510 1395 1041 1431 1477 644 2185 876 1517 1230 1738 930 895 206 1639 1636 22 948 2469 1372 783 1377 1399 1613 750 1018 406 1867 616 1714 565 1001 1395 728 436 1539 1765 2264 2317 1055 1770 1519 2358 1555 488 2656 2645 393 2059 x x x x x x x x x x x x x 1 x x x x x x x x x x x x x x x x x x x x x x x x x x x x x x x x x x x x x x x x x x x x x x x x x x x x x x x x x x x x x x x x x x x x x x x x x x x x x x x x x x x x x x
1023 1922 1097 776 1287 1102 1383 950 1572 1715 1387 1975 817 1121 1999999999 414 1551 1082 1738 1417 1918 1924 1314 633 1393 1865 679 2089 2079 1920 1140 1578 1200 929 1661 1780 1663 997 338 1080 415 1527 550 918 1241 787 1846 2047 1875 1060 1752 865 1151 302 1691 2134 1292 1969 930 1111 1122 1488 276 694 934 973 1693 1135 335 1802 627 1288 323 1254 1702 921 464 1043 770 898 880 1313 1099 318 896 704 1869 689 1576 1543 302 1829 913 1489 2157 670 1783 1894 1161 1866 x x x x x x x x x x x x x x 1 x x x x x x x x x x x x x x x x x x x x x x x x x x x x x x x x x x x x x x x x x x x x x x x x x x x x x x x x x x x x x x x x x x x x x x x x x x x x x x x x x x x x x
1433 1674 749 643 979 720 1473 1258 1186 1316 1752 1564 1227 803 414 1999999999 1933 673 1481 1012 1506 2213 1612 1047 986 1491 1092 1676 2264 1712 963 1983 894 1304 1484 1915 1427 1343 483 705 824 1820 398 753 977 1030 1433 1771 2244 1465 1524 1177 896 239 1326 1726 1159 2193 548 925 1254 1262 147 339 653 1300 1811 821 502 2156 602 1207 588 1415 1809 900 252 864 1176 819 1255 903 729 731 489 368 1496 1102 1931 1919 253 1517 818 1885 1754 315 2183 2270 964 1636 x x x x x x x x x x x x x x x 1 x x x x x x x x x x x x x x x x x x x x x x x x x x x x x x x x x x x x x x x x x x x x x x x x x x x x x x x x x x x x x x x x x x x x x x x x x x x x x x x x x x x x
636 3406 2648 2255 2827 2648 1480 789 3117 3248 232 3391 1001 2347 1551 1933 1999999999 2598 3237 2940 3416 823 649 1010 2912 3414 948 3534 1416 3363 2072 340 2380 630 3084 1461 3146 629 1773 2628 1256 657 2075 2399 2318 1074 3309 3555 345 554 3224 838 2670 1849 3242 3644 2056 1178 2475 2587 1303 2971 1817 2243 2147 709 1490 2350 1476 359 2062 1926 1640 1219 1534 1667 2012 2026 1074 1776 679 2749 2648 1268 2420 2077 3419 1030 244 56 1848 3364 2338 186 3681 2075 348 346 2126 3335 x x x x x x x x x x x x x x x x 1 x x x x x x x x x x x x x x x x x x x x x x x x x x x x x x x x x x x x x x x x x x x x x x x x x x x x x x x x x x x x x x x x x x x x x x x x x x x x x x x x x x x
2104 1323 371 823 620 220 1909 1890 560 654 2409 953 1880 737 1082 673 2598 1999999999 1135 342 837 2810 2228 1713 315 878 1761 1035 2759 1436 1137 2655 821 1969 1299 2372 1134 1995 1032 250 1479 2428 745 817 979 1634 786 1350 2902 2137 1231 1814 707 829 741 1054 1354 2729 238 868 1754 1020 807 441 762 1942 2254 757 1133 2804 947 1470 1175 1927 2240 1302 697 1066 1823 1176 1920 366 278 1398 188 599 885 1761 2582 2582 837 1044 964 2556 1083 570 2855 2932 1102 1325 x x x x x x x x x x x x x x x x x 1 x x x x x x x x x x x x x x x x x x x x x x x x x x x x x x x x x x x x x x x x x x x x x x x x x x x x x x x x x x x x x x x x x x x x x x x x x x x x x x x x x x
2631 196 799 983 531 923 2938 2687 805 968 3101 1656 2300 1870 1738 1481 3237 1135 1999999999 1030 1278 3659 3050 2232 1055 741 2293 1606 3744 320 2252 3180 1956 2643 363 3389 119 2731 1467 904 1982 3262 1188 839 2113 2494 1427 320 3575 2697 142 2601 591 1444 642 1309 2470 3670 1029 652 2733 272 1529 1152 1872 2710 3281 1890 1968 3521 1176 2571 1597 2895 3275 2339 1292 2172 2226 2231 2595 1417 873 1977 1171 1640 732 2228 3296 3238 1441 308 911 3138 1228 1590 3406 3583 2223 195 x x x x x x x x x x x x x x x x x x 1 x x x x x x x x x x x x x x x x x x x x x x x x x x x x x x x x x x x x x x x x x x x x x x x x x x x x x x x x x x x x x x x x x x x x x x x x x x x x x x x x x
2440 1197 480 1043 613 364 2206 2230 276 315 2751 730 2205 954 1417 1012 2940 342 1030 1999999999 515 3141 2565 2045 36 578 2094 766 3064 1348 1387 2993 1020 2311 1279 2669 1064 2337 1336 402 1806 2763 1028 993 1185 1971 522 1175 3244 2475 1152 2154 786 1151 484 719 1596 3046 509 979 2069 999 1142 747 1034 2283 2548 971 1475 3145 1202 1728 1484 2243 2531 1604 1008 1330 2145 1474 2262 413 405 1732 523 922 588 2089 2923 2924 1158 854 1148 2897 742 901 3194 3274 1343 1224 x x x x x x x x x x x x x x x x x x x 1 x x x x x x x x x x x x x x x x x x x x x x x x x x x x x x x x x x x x x x x x x x x x x x x x x x x x x x x x x x x x x x x x x x x x x x x x x x x x x x x x
2939 1396 972 1544 1026 876 2547 2681 524 324 3219 411 2715 1242 1918 1506 3416 837 1278 515 1999999999 3555 3001 2549 533 566 2597 329 3409 1585 1679 3487 1276 2790 1600 3001 1352 2802 1851 912 2314 3190 1542 1478 1430 2410 218 1299 3709 2970 1418 2610 1232 1661 637 238 1864 3420 1024 1430 2451 1346 1643 1260 1383 2741 2877 1253 1941 3602 1711 2015 1998 2623 2854 1971 1521 1647 2656 1836 2741 699 910 2234 1024 1352 578 2596 3383 3397 1669 1008 1632 3384 318 1346 3683 3744 1626 1456 x x x x x x x x x x x x x x x x x x x x 1 x x x x x x x x x x x x x x x x x x x x x x x x x x x x x x x x x x x x x x x x x x x x x x x x x x x x x x x x x x x x x x x x x x x x x x x x x x x x x x x
1327 3845 2961 2697 3185 2918 1139 974 3365 3456 745 3434 1667 2351 1924 2213 823 2810 3659 3141 3555 1999999999 610 1581 3108 3680 1524 3599 659 3841 1967 1157 2350 1099 3576 876 3587 963 2225 2909 1777 398 2473 2840 2239 1184 3406 3965 678 1234 3675 1060 3070 2216 3525 3792 1866 418 2751 3033 1124 3412 2138 2551 2181 960 962 2346 1711 523 2529 1707 2125 962 1009 1601 2370 1960 1729 1735 1137 2857 2934 1730 2658 2221 3687 1643 587 772 2219 3727 2819 1006 3851 2242 1074 759 2027 3789 x x x x x x x x x x x x x x x x x x x x x 1 x x x x x x x x x x x x x x x x x x x x x x x x x x x x x x x x x x x x x x x x x x x x x x x x x x x x x x x x x x x x x x x x x x x x x x x x x x x x x x
855 3235 2360 2087 2580 2324 834 365 2778 2880 430 2915 1143 1838 1314 1612 649 2228 3050 2565 3001 610 1999999999 1015 2533 3092 964 3072 932 3231 1503 947 1853 544 2968 854 2977 382 1617 2313 1187 213 1863 2231 1765 595 2865 3356 790 769 3066 450 2461 1607 2932 3236 1453 741 2155 2424 680 2802 1532 1949 1652 357 862 1836 1111 642 1922 1312 1521 576 903 1106 1762 1474 1194 1231 570 2308 2338 1129 2069 1652 3098 1091 468 598 1610 3122 2211 768 3288 1666 995 852 1561 3180 x x x x x x x x x x x x x x x x x x x x x x 1 x x x x x x x x x x x x x x x x x x x x x x x x x x x x x x x x x x x x x x x x x x x x x x x x x x x x x x x x x x x x x x x x x x x x x x x x x x x x x
407 2398 1692 1253 1845 1717 1466 713 2184 2337 903 2603 229 1685 633 1047 1010 1713 2232 2045 2549 1581 1015 1999999999 2022 2464 62 2720 1925 2354 1582 968 1750 483 2076 1737 2139 634 777 1692 254 1210 1093 1395 1752 766 2479 2551 1352 466 2216 647 1674 900 2285 2763 1673 1753 1548 1581 1187 1964 907 1308 1483 674 1688 1695 743 1318 1057 1611 637 1245 1714 1243 1056 1500 229 1286 448 1941 1707 316 1526 1304 2467 102 1103 1016 894 2373 1329 908 2782 1280 1186 1354 1620 2327 x x x x x x x x x x x x x x x x x x x x x x x 1 x x x x x x x x x x x x x x x x x x x x x x x x x x x x x x x x x x x x x x x x x x x x x x x x x x x x x x x x x x x x x x x x x x x x x x x x x x x x
2416 1225 479 1036 626 355 2171 2199 310 348 2722 728 2184 918 1393 986 2912 315 1055 36 533 3108 2533 2022 1999999999 614 2071 772 3029 1373 1351 2968 985 2283 1298 2633 1087 2307 1319 394 1784 2731 1013 991 1150 1939 525 1206 3214 2450 1176 2124 793 1130 518 742 1560 3012 492 984 2035 1017 1117 728 998 2253 2513 935 1445 3115 1191 1693 1465 2208 2496 1569 988 1295 2124 1439 2234 380 400 1708 498 889 623 2066 2894 2896 1137 885 1146 2870 769 868 3168 3245 1308 1250 x x x x x x x x x x x x x x x x x x x x x x x x 1 x x x x x x x x x x x x x x x x x x x x x x x x x x x x x x x x x x x x x x x x x x x x x x x x x x x x x x x x x x x x x x x x x x x x x x x x x x x
2870 837 773 1288 672 772 2778 2744 319 323 3240 971 2592 1529 1865 1491 3414 878 741 578 566 3680 3092 2464 614 1999999999 2519 889 3633 1034 1964 3430 1592 2788 1088 3241 832 2834 1702 788 2214 3295 1378 1181 1757 2500 753 733 3732 2917 883 2665 887 1571 184 568 2172 3607 944 1070 2631 869 1599 1171 1610 2790 3122 1546 1984 3647 1484 2306 1851 2804 3106 2174 1411 1908 2525 2045 2739 975 767 2164 1024 1476 12 2491 3422 3404 1575 451 1320 3352 492 1446 3642 3755 1920 905 x x x x x x x x x x x x x x x x x x x x x x x x x 1 x x x x x x x x x x x x x x x x x x x x x x x x x x x x x x x x x x x x x x x x x x x x x x x x x x x x x x x x x x x x x x x x x x x x x x x x x x
351 2460 1747 1313 1903 1770 1443 673 2237 2388 841 2644 233 1712 679 1092 948 1761 2293 2094 2597 1524 964 62 2071 2519 1999999999 2764 1879 2416 1594 911 1774 427 2138 1700 2200 583 836 1745 313 1156 1151 1456 1771 746 2523 2612 1290 406 2277 611 1734 952 2341 2812 1677 1704 1600 1642 1166 2026 954 1360 1509 628 1655 1722 766 1257 1118 1610 697 1216 1682 1246 1110 1514 252 1295 395 1982 1761 363 1574 1339 2522 130 1041 954 947 2432 1391 848 2833 1317 1127 1292 1634 2388 x x x x x x x x x x x x x x x x x x x x x x x x x x 1 x x x x x x x x x x x x x x x x x x x x x x x x x x x x x x x x x x x x x x x x x x x x x x x x x x x x x x x x x x x x x x x x x x x x x x x x x
3097 1722 1244 1808 1332 1126 2539 2773 839 646 3326 182 2901 1249 2089 1676 3534 1035 1606 766 329 3599 3072 2720 772 889 2764 1999999999 3393 1913 1660 3633 1259 2915 1926 2980 1679 2909 2067 1166 2498 3250 1774 1757 1394 2493 250 1619 3810 3119 1746 2709 1530 1858 965 400 1821 3427 1252 1728 2478 1668 1819 1475 1422 2840 2855 1255 2063 3692 1961 1980 2209 2647 2827 1998 1732 1648 2848 1864 2868 788 1170 2405 1220 1458 900 2777 3479 3510 1867 1334 1912 3517 518 1465 3818 3850 1603 1783 x x x x x x x x x x x x x x x x x x x x x x x x x x x 1 x x x x x x x x x x x x x x x x x x x x x x x x x x x x x x x x x x x x x x x x x x x x x x x x x x x x x x x x x x x x x x x x x x x x x x x x
1784 3937 2983 2841 3233 2908 864 1217 3315 3369 1270 3218 2070 2168 2079 2264 1416 2759 3744 3064 3409 659 932 1925 3029 3633 1879 3393 1999999999 3968 1737 1755 2141 1471 3724 415 3689 1303 2411 2908 2060 791 2596 2976 2000 1294 3233 4029 1331 1696 3785 1293 3159 2335 3499 3645 1577 244 2756 3164 1015 3521 2229 2595 2038 1251 540 2158 1790 1168 2705 1415 2345 850 573 1460 2470 1763 2118 1591 1491 2721 2937 1976 2638 2163 3641 2008 1172 1361 2342 3758 2989 1587 3721 2200 1709 1413 1793 3897 x x x x x x x x x x x x x x x x x x x x x x x x x x x x 1 x x x x x x x x x x x x x x x x x x x x x x x x x x x x x x x x x x x x x x x x x x x x x x x x x x x x x x x x x x x x x x x x x x x x x x x
2741 207 1084 1145 819 1220 3182 2868 1124 1282 3245 1971 2394 2167 1920 1712 3363 1436 320 1348 1585 3841 3231 2354 1373 1034 2416 1913 3968 1999999999 2534 3276 2255 2792 284 3626 303 2894 1620 1197 2113 3444 1378 1002 2409 2696 1742 393 3706 2814 205 2782 820 1640 954 1598 2752 3879 1307 810 2964 452 1739 1398 2155 2883 3522 2187 2179 3665 1316 2845 1735 3121 3519 2593 1499 2450 2319 2492 2746 1731 1166 2127 1453 1909 1024 2338 3443 3370 1634 584 1030 3250 1509 1856 3504 3707 2509 130 x x x x x x x x x x x x x x x x x x x x x x x x x x x x x 1 x x x x x x x x x x x x x x x x x x x x x x x x x x x x x x x x x x x x x x x x x x x x x x x x x x x x x x x x x x x x x x x x x x x x x x
1832 2445 1454 1590 1722 1333 879 1285 1656 1673 1843 1487 1810 441 1140 963 2072 1137 2252 1387 1679 1967 1503 1582 1351 1964 1594 1660 1737 2534 1999999999 2266 405 1534 2352 1325 2232 1459 1395 1349 1476 1651 1357 1678 272 1006 1498 2485 2286 1813 2332 1249 1732 1176 1857 1912 219 1768 1227 1822 848 2092 1045 1175 381 1369 1201 428 861 2144 1565 343 1447 1006 1176 405 1213 100 1793 308 1498 1006 1380 1341 1082 644 1974 1676 1955 2035 1190 2180 1768 2112 1993 703 2401 2342 60 2434 x x x x x x x x x x x x x x x x x x x x x x x x x x x x x x 1 x x x x x x x x x x x x x x x x x x x x x x x x x x x x x x x x x x x x x x x x x x x x x x x x x x x x x x x x x x x x x x x x x x x x x
561 3338 2658 2211 2811 2677 1762 995 3145 3292 520 3501 883 2495 1578 1983 340 2655 3180 2993 3487 1157 947 968 2968 3430 911 3633 1755 3276 2266 1999999999 2539 739 2993 1785 3082 812 1742 2653 1220 988 2061 2350 2495 1261 3399 3500 575 518 3152 1019 2636 1861 3252 3708 2277 1518 2506 2530 1556 2909 1852 2268 2291 907 1805 2500 1574 661 2011 2160 1598 1497 1848 1866 2020 2209 958 1962 781 2846 2670 1269 2471 2180 3433 954 584 394 1857 3335 2270 180 3734 2169 230 528 2317 3261 x x x x x x x x x x x x x x x x x x x x x x x x x x x x x x x 1 x x x x x x x x x x x x x x x x x x x x x x x x x x x x x x x x x x x x x x x x x x x x x x x x x x x x x x x x x x x x x x x x x x x x
2058 2144 1176 1441 1437 1036 1282 1594 1295 1290 2158 1088 1968 97 1200 894 2380 821 1956 1020 1276 2350 1853 1750 985 1592 1774 1259 2141 2255 405 2539 1999999999 1800 2103 1730 1952 1753 1374 1060 1592 2017 1242 1499 165 1308 1093 2162 2622 2055 2051 1543 1489 1132 1501 1509 591 2169 969 1612 1227 1829 1018 991 269 1671 1605 77 1009 2489 1467 739 1463 1393 1580 753 1112 391 1937 623 1758 620 1090 1466 822 526 1602 1833 2288 2348 1146 1848 1615 2398 1592 580 2695 2671 350 2145 x x x x x x x x x x x x x x x x x x x x x x x x x x x x x x x x 1 x x x x x x x x x x x x x x x x x x x x x x x x x x x x x x x x x x x x x x x x x x x x x x x x x x x x x x x x x x x x x x x x x x x
361 2819 2025 1662 2213 2020 1155 326 2489 2619 460 2777 600 1757 929 1304 630 1969 2643 2311 2790 1099 544 483 2283 2788 427 2915 1471 2792 1534 739 1800 1999999999 2519 1334 2559 171 1178 2001 688 730 1465 1806 1758 540 2687 2958 946 303 2641 310 2066 1229 2617 3017 1562 1285 1847 1998 903 2382 1190 1618 1553 249 1308 1762 853 879 1477 1458 1058 901 1341 1139 1392 1473 651 1228 50 2129 2022 667 1791 1458 2793 550 654 616 1229 2754 1763 604 3052 1453 905 968 1584 2754 x x x x x x x x x x x x x x x x x x x x x x x x x x x x x x x x x 1 x x x x x x x x x x x x x x x x x x x x x x x x x x x x x x x x x x x x x x x x x x x x x x x x x x x x x x x x x x x x x x x x x x
2460 403 931 887 687 1080 2956 2605 1097 1280 2969 1958 2112 2011 1661 1484 3084 1299 363 1279 1600 3576 2968 2076 1298 1088 2138 1926 3724 284 2352 2993 2103 2519 1999999999 3393 258 2625 1352 1051 1837 3180 1129 749 2250 2443 1729 604 3427 2534 237 2519 621 1390 967 1653 2567 3628 1137 562 2728 283 1497 1188 1976 2617 3292 2032 1934 3389 1048 2650 1462 2881 3292 2378 1258 2263 2037 2284 2473 1627 1022 1856 1284 1714 1081 2058 3168 3091 1383 669 758 2969 1579 1658 3222 3427 2331 304 x x x x x x x x x x x x x x x x x x x x x x x x x x x x x x x x x x 1 x x x x x x x x x x x x x x x x x x x x x x x x x x x x x x x x x x x x x x x x x x x x x x x x x x x x x x x x x x x x x x x x x
1682 3584 2614 2519 2870 2530 464 1031 2925 2971 1268 2804 1914 1760 1780 1915 1461 2372 3389 2669 3001 876 854 1737 2633 3241 1700 2980 415 3626 1325 1785 1730 1334 3393 1999999999 3341 1164 2117 2533 1829 807 2269 2648 1586 1021 2822 3665 1474 1604 3438 1090 2810 2012 3112 3236 1162 517 2385 2831 666 3177 1898 2238 1638 1089 126 1749 1468 1303 2399 1000 2069 527 159 1071 2136 1356 1950 1197 1341 2317 2563 1727 2260 1781 3250 1830 1233 1407 2021 3386 2676 1607 3314 1822 1792 1553 1380 3550 x x x x x x x x x x x x x x x x x x x x x x x x x x x x x x x x x x x 1 x x x x x x x x x x x x x x x x x x x x x x x x x x x x x x x x x x x x x x x x x x x x x x x x x x x x x x x x x x x x x x x x
2536 261 781 898 516 917 2893 2613 860 1036 3015 1719 2201 1864 1663 1427 3146 1134 119 1064 1352 3587 2977 2139 1087 832 2200 1679 3689 303 2232 3082 1952 2559 258 3341 1999999999 2651 1381 894 1891 3189 1115 753 2106 2428 1490 425 3486 2603 100 2527 531 1374 716 1398 2450 3608 1005 561 2681 177 1465 1105 1852 2634 3235 1884 1906 3436 1085 2545 1507 2841 3231 2300 1226 2149 2127 2196 2511 1436 863 1892 1151 1610 824 2133 3212 3149 1370 416 813 3044 1322 1557 3308 3492 2206 209 x x x x x x x x x x x x x x x x x x x x x x x x x x x x x x x x x x x x 1 x x x x x x x x x x x x x x x x x x x x x x x x x x x x x x x x x x x x x x x x x x x x x x x x x x x x x x x x x x x x x x x
522 2911 2081 1755 2282 2063 1005 186 2528 2648 418 2764 768 1719 997 1343 629 1995 2731 2337 2802 963 382 634 2307 2834 583 2909 1303 2894 1459 812 1753 171 2625 1164 2651 1999999999 1275 2048 815 579 1545 1899 1697 453 2687 3042 908 453 2736 212 2146 1298 2667 3033 1465 1122 1891 2092 766 2475 1242 1669 1519 98 1141 1722 863 813 1578 1351 1166 745 1175 1056 1458 1407 816 1158 189 2127 2070 771 1823 1455 2839 710 588 602 1299 2825 1867 654 3074 1457 945 943 1512 2850 x x x x x x x x x x x x x x x x x x x x x x x x x x x x x x x x x x x x x 1 x x x x x x x x x x x x x x x x x x x x x x x x x x x x x x x x x x x x x x x x x x x x x x x x x x x x x x x x x x x x x x
1183 1642 934 485 1069 984 1719 1255 1437 1606 1635 1978 891 1284 338 483 1773 1032 1467 1336 1851 2225 1617 777 1319 1702 836 2067 2411 1620 1395 1742 1374 1178 1352 2117 1381 1275 1999999999 953 524 1829 325 630 1447 1118 1818 1784 2109 1241 1464 1170 899 245 1521 2049 1570 2294 828 821 1459 1205 359 593 1124 1266 2030 1301 665 2055 305 1586 150 1591 2039 1231 336 1296 825 1189 1130 1334 963 511 849 848 1704 792 1831 1772 231 1597 595 1683 2054 797 1962 2119 1406 1578 x x x x x x x x x x x x x x x x x x x x x x x x x x x x x x x x x x x x x x 1 x x x x x x x x x x x x x x x x x x x x x x x x x x x x x x x x x x x x x x x x x x x x x x x x x x x x x x x x x x x x x
2094 1097 121 643 378 41 2073 1962 493 653 2453 1115 1836 971 1080 705 2628 250 904 402 912 2909 2313 1692 394 788 1745 1166 2908 1197 1349 2653 1060 2001 1051 2533 894 2048 953 1999999999 1445 2519 635 606 1213 1725 919 1144 2945 2137 993 1881 459 793 621 1098 1567 2861 159 630 1895 773 812 386 969 2005 2419 991 1203 2860 801 1672 1102 2064 2409 1467 637 1271 1773 1349 1952 603 32 1385 275 755 792 1726 2635 2617 798 854 759 2569 1101 712 2862 2968 1319 1090 x x x x x x x x x x x x x x x x x x x x x x x x x x x x x x x x x x x x x x x 1 x x x x x x x x x x x x x x x x x x x x x x x x x x x x x x x x x x x x x x x x x x x x x x x x x x x x x x x x x x x x
660 2151 1442 1002 1592 1472 1506 848 1937 2094 1133 2387 404 1519 415 824 1256 1479 1982 1806 2314 1777 1187 254 1784 2214 313 2498 2060 2113 1476 1220 1592 688 1837 1829 1891 815 524 1445 1999999999 1392 841 1145 1615 815 2253 2301 1596 718 1970 769 1422 656 2035 2525 1595 1909 1305 1332 1225 1716 679 1064 1324 831 1766 1532 615 1553 807 1557 386 1314 1786 1181 809 1386 356 1197 645 1726 1460 136 1291 1114 2217 283 1332 1259 650 2120 1085 1160 2540 1083 1439 1601 1506 2081 x x x x x x x x x x x x x x x x x x x x x x x x x x x x x x x x x x x x x x x x 1 x x x x x x x x x x x x x x x x x x x x x x x x x x x x x x x x x x x x x x x x x x x x x x x x x x x x x x x x x x x
1006 3447 2568 2300 2790 2529 902 577 2981 3077 483 3090 1320 2008 1527 1820 657 2428 3262 2763 3190 398 213 1210 2731 3295 1156 3250 791 3444 1651 988 2017 730 3180 807 3189 579 1829 2519 1392 1999999999 2076 2443 1919 796 3049 3568 698 915 3278 663 2673 1819 3137 3426 1580 575 2361 2636 808 3015 1742 2157 1828 566 845 2005 1318 533 2134 1429 1732 670 891 1265 1974 1632 1376 1395 762 2494 2544 1338 2272 1845 3301 1279 427 602 1822 3332 2424 812 3481 1863 986 772 1710 3392 x x x x x x x x x x x x x x x x x x x x x x x x x x x x x x x x x x x x x x x x x 1 x x x x x x x x x x x x x x x x x x x x x x x x x x x x x x x x x x x x x x x x x x x x x x x x x x x x x x x x x x
1500 1372 610 252 754 669 1840 1499 1114 1287 1924 1698 1215 1146 550 398 2075 745 1188 1028 1542 2473 1863 1093 1013 1378 1151 1774 2596 1378 1357 2061 1242 1465 1129 2269 1115 1545 325 635 841 2076 1999999999 381 1346 1318 1524 1498 2407 1554 1205 1414 602 262 1197 1733 1556 2502 523 569 1604 940 373 310 1026 1522 2171 1166 806 2342 228 1604 474 1754 2173 1288 146 1259 1149 1214 1416 1078 643 808 574 733 1380 1114 2117 2072 257 1290 423 1994 1734 674 2278 2421 1354 1319 x x x x x x x x x x x x x x x x x x x x x x x x x x x x x x x x x x x x x x x x x x 1 x x x x x x x x x x x x x x x x x x x x x x x x x x x x x x x x x x x x x x x x x x x x x x x x x x x x x x x x x
1797 1013 514 145 510 646 2216 1867 981 1178 2264 1718 1476 1403 918 753 2399 817 839 993 1478 2840 2231 1395 991 1181 1456 1757 2976 1002 1678 2350 1499 1806 749 2648 753 1899 630 606 1145 2443 381 1999999999 1626 1696 1514 1157 2737 1860 837 1781 301 642 999 1631 1886 2880 585 194 1983 577 751 511 1321 1884 2549 1424 1186 2684 340 1950 760 2134 2550 1652 514 1583 1404 1569 1759 1183 594 1140 708 1036 1180 1396 2460 2400 635 992 156 2302 1606 976 2574 2744 1667 951 x x x x x x x x x x x x x x x x x x x x x x x x x x x x x x x x x x x x x x x x x x x 1 x x x x x x x x x x x x x x x x x x x x x x x x x x x x x x x x x x x x x x x x x x x x x x x x x x x x x x x x
2036 2302 1327 1558 1591 1191 1147 1529 1459 1453 2092 1219 1976 243 1241 977 2318 979 2113 1185 1430 2239 1765 1752 1150 1757 1771 1394 2000 2409 272 2495 165 1758 2250 1586 2106 1697 1447 1213 1615 1919 1346 1626 1999999999 1245 1241 2323 2544 2025 2205 1486 1633 1211 1665 1661 434 2038 1114 1748 1118 1979 1089 1115 325 1610 1462 223 1011 2405 1568 589 1524 1278 1434 660 1210 293 1950 542 1719 784 1244 1484 966 615 1767 1840 2211 2283 1225 2010 1735 2347 1747 674 2641 2597 213 2301 x x x x x x x x x x x x x x x x x x x x x x x x x x x x x x x x x x x x x x x x x x x x 1 x x x x x x x x x x x x x x x x x x x x x x x x x x x x x x x x x x x x x x x x x x x x x x x x x x x x x x x
875 2683 1778 1557 2006 1734 702 286 2186 2285 850 2342 977 1279 787 1030 1074 1634 2494 1971 2410 1184 595 766 1939 2500 746 2493 1294 2696 1006 1261 1308 540 2443 1021 2428 453 1118 1725 815 796 1318 1696 1245 1999999999 2281 2793 1321 837 2520 243 1903 1057 2343 2645 1022 1185 1567 1887 422 2256 965 1369 1083 365 952 1281 529 1199 1413 920 1055 501 971 605 1203 955 993 705 512 1721 1751 707 1477 1059 2506 866 988 1041 1062 2547 1699 1106 2695 1072 1397 1367 1059 2634 x x x x x x x x x x x x x x x x x x x x x x x x x x x x x x x x x x x x x x x x x x x x x 1 x x x x x x x x x x x x x x x x x x x x x x x x x x x x x x x x x x x x x x x x x x x x x x x x x x x x x x
2859 1561 1001 1561 1107 879 2373 2557 632 461 3105 230 2657 1069 1846 1433 3309 786 1427 522 218 3406 2865 2479 525 753 2523 250 3233 1742 1498 3399 1093 2687 1729 2822 1490 2687 1818 919 2253 3049 1524 1514 1241 2281 1999999999 1480 3592 2884 1564 2490 1297 1611 789 425 1675 3253 1003 1494 2292 1462 1575 1226 1226 2621 2698 1078 1835 3478 1712 1830 1960 2463 2672 1811 1483 1474 2602 1676 2639 561 924 2163 971 1233 765 2533 3262 3287 1620 1177 1669 3287 524 1235 3588 3630 1443 1612 x x x x x x x x x x x x x x x x x x x x x x x x x x x x x x x x x x x x x x x x x x x x x x 1 x x x x x x x x x x x x x x x x x x x x x x x x x x x x x x x x x x x x x x x x x x x x x x x x x x x x x
2950 203 1053 1300 796 1155 3209 2993 913 1028 3417 1702 2620 2082 2047 1771 3555 1350 320 1175 1299 3965 3356 2551 1206 733 2612 1619 4029 393 2485 3500 2162 2958 604 3665 425 3042 1784 1144 2301 3568 1498 1157 2323 2793 1480 1999999999 3893 3016 378 2908 897 1751 712 1271 2703 3963 1285 971 3015 592 1829 1435 2107 3020 3554 2101 2265 3836 1495 2814 1916 3180 3546 2605 1595 2411 2546 2491 2910 1584 1113 2293 1418 1897 721 2548 3611 3556 1748 321 1231 3457 1171 1851 3725 3901 2452 305 x x x x x x x x x x x x x x x x x x x x x x x x x x x x x x x x x x x x x x x x x x x x x x x 1 x x x x x x x x x x x x x x x x x x x x x x x x x x x x x x x x x x x x x x x x x x x x x x x x x x x x
980 3746 2971 2593 3157 2963 1596 1038 3430 3554 493 3661 1344 2598 1875 2244 345 2902 3575 3244 3709 678 790 1352 3214 3732 1290 3810 1331 3706 2286 575 2622 946 3427 1474 3486 908 2109 2945 1596 698 2407 2737 2544 1321 3592 3893 1999999999 899 3565 1102 3005 2175 3562 3940 2243 1087 2790 2926 1469 3311 2134 2562 2403 971 1530 2598 1771 171 2402 2100 1979 1353 1577 1885 2337 2252 1418 2004 996 3031 2966 1602 2728 2360 3737 1375 334 338 2174 3696 2680 494 3981 2364 422 82 2343 3677 x x x x x x x x x x x x x x x x x x x x x x x x x x x x x x x x x x x x x x x x x x x x x x x x 1 x x x x x x x x x x x x x x x x x x x x x x x x x x x x x x x x x x x x x x x x x x x x x x x x x x x
94 2862 2145 1718 2307 2161 1455 626 2630 2775 497 2990 454 2004 1060 1465 554 2137 2697 2475 2970 1234 769 466 2450 2917 406 3119 1696 2814 1813 518 2055 303 2534 1604 2603 453 1241 2137 718 915 1554 1860 2025 837 2884 3016 899 1999999999 2679 613 2139 1346 2740 3190 1854 1489 1989 2046 1205 2429 1335 1752 1799 544 1588 2011 1069 887 1522 1756 1102 1197 1624 1427 1506 1747 525 1506 326 2332 2155 754 1953 1671 2920 477 688 568 1343 2837 1792 442 3216 1657 726 894 1861 2789 x x x x x x x x x x x x x x x x x x x x x x x x x x x x x x x x x x x x x x x x x x x x x x x x x 1 x x x x x x x x x x x x x x x x x x x x x x x x x x x x x x x x x x x x x x x x x x x x x x x x x x
2609 189 880 982 615 1015 2991 2702 938 1106 3097 1793 2271 1963 1752 1524 3224 1231 142 1152 1418 3675 3066 2216 1176 883 2277 1746 3785 205 2332 3152 2051 2641 237 3438 100 2736 1464 993 1970 3278 1205 837 2205 2520 1564 378 3565 2679 1999999999 2616 628 1465 782 1450 2550 3702 1105 645 2778 265 1559 1204 1952 2721 3332 1983 2000 3517 1165 2645 1587 2936 3328 2399 1319 2249 2196 2295 2594 1530 962 1974 1251 1709 874 2206 3294 3228 1460 445 887 3118 1369 1657 3380 3569 2306 115 x x x x x x x x x x x x x x x x x x x x x x x x x x x x x x x x x x x x x x x x x x x x x x x x x x 1 x x x x x x x x x x x x x x x x x x x x x x x x x x x x x x x x x x x x x x x x x x x x x x x x x
663 2786 1922 1638 2135 1894 858 87 2355 2467 620 2561 830 1510 865 1177 838 1814 2601 2154 2610 1060 450 647 2124 2665 611 2709 1293 2782 1249 1019 1543 310 2519 1090 2527 212 1170 1881 769 663 1414 1781 1486 243 2490 2908 1102 613 2616 1999999999 2012 1158 2501 2842 1261 1143 1723 1974 596 2352 1088 1510 1311 132 1046 1512 682 993 1474 1152 1079 614 1074 847 1315 1195 861 947 292 1929 1905 693 1646 1259 2670 740 774 808 1161 2678 1763 864 2887 1265 1156 1143 1301 2730 x x x x x x x x x x x x x x x x x x x x x x x x x x x x x x x x x x x x x x x x x x x x x x x x x x x 1 x x x x x x x x x x x x x x x x x x x x x x x x x x x x x x x x x x x x x x x x x x x x x x x x
2079 781 340 428 218 496 2364 2098 716 918 2525 1514 1768 1395 1151 896 2670 707 591 786 1232 3070 2461 1674 793 887 1734 1530 3159 820 1732 2636 1489 2066 621 2810 531 2146 899 459 1422 2673 602 301 1633 1903 1297 897 3005 2139 628 2012 1999999999 855 708 1364 1948 3080 520 199 2150 369 938 578 1356 2123 2705 1416 1378 2943 631 2033 1039 2310 2701 1774 701 1644 1696 1674 2017 1060 436 1404 668 1097 886 1682 2718 2669 852 700 433 2581 1330 1041 2858 3016 1711 740 x x x x x x x x x x x x x x x x x x x x x x x x x x x x x x x x x x x x x x x x x x x x x x x x x x x x 1 x x x x x x x x x x x x x x x x x x x x x x x x x x x x x x x x x x x x x x x x x x x x x x x
1302 1630 801 508 986 818 1590 1243 1285 1438 1687 1759 1054 1041 302 239 1849 829 1444 1151 1661 2216 1607 900 1130 1571 952 1858 2335 1640 1176 1861 1132 1229 1390 2012 1374 1298 245 793 656 1819 262 642 1211 1057 1611 1751 2175 1346 1465 1158 855 1999999999 1396 1869 1361 2240 650 831 1347 1200 134 409 887 1270 1916 1059 546 2103 407 1392 361 1495 1920 1057 163 1077 996 997 1180 1106 809 593 641 606 1575 938 1877 1842 14 1528 666 1781 1885 554 2072 2193 1183 1579 x x x x x x x x x x x x x x x x x x x x x x x x x x x x x x x x x x x x x x x x x x x x x x x x x x x x x 1 x x x x x x x x x x x x x x x x x x x x x x x x x x x x x x x x x x x x x x x x x x x x x x
2692 774 595 1105 491 609 2649 2582 209 329 3071 1017 2411 1431 1691 1326 3242 741 642 484 637 3525 2932 2285 518 184 2341 965 3499 954 1857 3252 1501 2617 967 3112 716 2667 1521 621 2035 3137 1197 999 1665 2343 789 712 3562 2740 782 2501 708 1396 1999999999 697 2070 3464 779 894 2491 725 1428 1000 1493 2625 2994 1448 1823 3479 1301 2196 1670 2663 2980 2042 1234 1795 2344 1916 2567 896 598 1987 870 1336 184 2311 3254 3232 1399 396 1140 3176 640 1302 3465 3584 1817 825 x x x x x x x x x x x x x x x x x x x x x x x x x x x x x x x x x x x x x x x x x x x x x x x x x x x x x x 1 x x x x x x x x x x x x x x x x x x x x x x x x x x x x x x x x x x x x x x x x x x x x x
3157 1398 1142 1710 1149 1065 2782 2914 651 455 3449 551 2922 1477 2134 1726 3644 1054 1309 719 238 3792 3236 2763 742 568 2812 400 3645 1598 1912 3708 1509 3017 1653 3236 1398 3033 2049 1098 2525 3426 1733 1631 1661 2645 425 1271 3940 3190 1450 2842 1364 1869 697 1999999999 2095 3657 1224 1560 2688 1421 1859 1464 1620 2973 3112 1488 2171 3835 1888 2248 2197 2860 3088 2208 1724 1883 2862 2073 2968 936 1092 2449 1239 1586 577 2807 3615 3626 1876 1015 1782 3608 119 1578 3907 3974 1859 1470 x x x x x x x x x x x x x x x x x x x x x x x x x x x x x x x x x x x x x x x x x x x x x x x x x x x x x x x 1 x x x x x x x x x x x x x x x x x x x x x x x x x x x x x x x x x x x x x x x x x x x x
1883 2663 1672 1794 1940 1551 741 1284 1867 1876 1825 1644 1902 644 1292 1159 2056 1354 2470 1596 1864 1866 1453 1673 1560 2172 1677 1821 1577 2752 219 2277 591 1562 2567 1162 2450 1465 1570 1567 1595 1580 1556 1886 434 1022 1675 2703 2243 1854 2550 1261 1948 1361 2070 2095 1999999999 1631 1445 2034 775 2309 1229 1388 599 1371 1037 628 988 2092 1758 164 1608 914 1007 433 1410 305 1892 400 1531 1207 1598 1459 1300 856 2182 1770 1917 2015 1375 2397 1971 2115 2180 914 2395 2304 254 2652 x x x x x x x x x x x x x x x x x x x x x x x x x x x x x x x x x x x x x x x x x x x x x x x x x x x x x x x x 1 x x x x x x x x x x x x x x x x x x x x x x x x x x x x x x x x x x x x x x x x x x x
