44
0 1 2 3 4 5 6 7 8 9 10 11 12 13 14 15 16 17 18 19 20 21 x0 x1 x2 x3 x4 x5 x6 x7 x8 x9 x10 x11 x12 x13 x14 x15 x16 x17 x18 x19 x20 x21 
0
1999999999 492 466 312 1071 748 656 134 1039 726 2314 479 448 496 619 183 342 323 688 604 596 186 .1 x x x x x x x x x x x x x x x x x x x x x
492 1999999999 126 416 1555 1237 1132 536 1466 1139 2791 956 933 987 1103 602 191 452 1117 1034 1023 414 x .1 x x x x x x x x x x x x x x x x x x x x
466 126 1999999999 473 1536 1194 1075 539 1383 1055 2727 901 887 954 1084 540 250 509 1038 957 945 437 x x .1 x x x x x x x x x x x x x x x x x x x
312 416 473 1999999999 1216 974 919 236 1333 1029 2553 751 704 711 783 494 228 37 986 904 898 126 x x x .1 x x x x x x x x x x x x x x x x x x
1071 1555 1536 1216 1999999999 430 607 1024 850 871 1444 713 691 593 453 1033 1381 1193 818 832 844 1156 x x x x .1 x x x x x x x x x x x x x x x x x
748 1237 1194 974 430 1999999999 177 746 533 452 1580 306 308 264 256 660 1086 961 395 403 414 882 x x x x x .1 x x x x x x x x x x x x x x x x
656 1132 1075 919 607 177 1999999999 684 455 288 1661 177 216 250 343 535 997 913 227 226 237 813 x x x x x x .1 x x x x x x x x x x x x x x x
134 536 539 236 1024 746 684 1999999999 1099 801 2325 515 469 484 576 297 357 234 755 675 669 137 x x x x x x x .1 x x x x x x x x x x x x x x
1039 1466 1383 1333 850 533 455 1099 1999999999 328 1387 591 650 705 776 878 1367 1333 354 438 447 1216 x x x x x x x x .1 x x x x x x x x x x x x x
726 1139 1055 1029 871 452 288 801 328 1999999999 1697 333 400 495 622 557 1046 1033 64 128 133 908 x x x x x x x x x .1 x x x x x x x x x x x x
2314 2791 2727 2553 1444 1580 1661 2325 1387 1697 1999999999 1838 1868 1843 1789 2191 2656 2540 1700 1777 1789 2460 x x x x x x x x x x .1 x x x x x x x x x x x
479 956 901 751 713 306 177 515 591 333 1838 1999999999 68 179 336 362 821 748 273 214 217 641 x x x x x x x x x x x .1 x x x x x x x x x x
448 933 887 704 691 308 216 469 650 400 1868 68 1999999999 122 287 353 789 698 340 281 283 598 x x x x x x x x x x x x .1 x x x x x x x x x
496 987 954 711 593 264 250 484 705 495 1843 179 122 1999999999 167 440 828 699 432 386 391 619 x x x x x x x x x x x x x .1 x x x x x x x x
619 1103 1084 783 453 256 343 576 776 622 1789 336 287 167 1999999999 593 932 764 559 528 535 711 x x x x x x x x x x x x x x .1 x x x x x x x
183 602 540 494 1033 660 535 297 878 557 2191 362 353 440 593 1999999999 490 506 525 441 431 368 x x x x x x x x x x x x x x x .1 x x x x x x
342 191 250 228 1381 1086 997 357 1367 1046 2656 821 789 828 932 490 1999999999 265 1014 930 921 227 x x x x x x x x x x x x x x x x .1 x x x x x
323 452 509 37 1193 961 913 234 1333 1033 2540 748 698 699 764 506 265 1999999999 989 907 901 143 x x x x x x x x x x x x x x x x x .1 x x x x
688 1117 1038 986 818 395 227 755 354 64 1700 273 340 432 559 525 1014 989 1999999999 85 94 867 x x x x x x x x x x x x x x x x x x .1 x x x
604 1034 957 904 832 403 226 675 438 128 1777 214 281 386 528 441 930 907 85 1999999999 14 784 x x x x x x x x x x x x x x x x x x x .1 x x
596 1023 945 898 844 414 237 669 447 133 1789 217 283 391 535 431 921 901 94 14 1999999999 777 x x x x x x x x x x x x x x x x x x x x .1 x
186 414 437 126 1156 882 813 137 1216 908 2460 641 598 619 711 368 227 143 867 784 777 1999999999 x x x x x x x x x x x x x x x x x x x x x .1
.1 x x x x x x x x x x x x x x x x x x x x x .1 x x x x x x x x x x x x x x x x x x x x x
x .1 x x x x x x x x x x x x x x x x x x x x x .1 x x x x x x x x x x x x x x x x x x x x
x x .1 x x x x x x x x x x x x x x x x x x x x x .1 x x x x x x x x x x x x x x x x x x x
x x x .1 x x x x x x x x x x x x x x x x x x x x x .1 x x x x x x x x x x x x x x x x x x
x x x x .1 x x x x x x x x x x x x x x x x x x x x x .1 x x x x x x x x x x x x x x x x x
x x x x x .1 x x x x x x x x x x x x x x x x x x x x x .1 x x x x x x x x x x x x x x x x
x x x x x x .1 x x x x x x x x x x x x x x x x x x x x x .1 x x x x x x x x x x x x x x x
x x x x x x x .1 x x x x x x x x x x x x x x x x x x x x x .1 x x x x x x x x x x x x x x
x x x x x x x x .1 x x x x x x x x x x x x x x x x x x x x x .1 x x x x x x x x x x x x x
x x x x x x x x x .1 x x x x x x x x x x x x x x x x x x x x x .1 x x x x x x x x x x x x
x x x x x x x x x x .1 x x x x x x x x x x x x x x x x x x x x x .1 x x x x x x x x x x x
x x x x x x x x x x x .1 x x x x x x x x x x x x x x x x x x x x x .1 x x x x x x x x x x
x x x x x x x x x x x x .1 x x x x x x x x x x x x x x x x x x x x x .1 x x x x x x x x x
x x x x x x x x x x x x x .1 x x x x x x x x x x x x x x x x x x x x x .1 x x x x x x x x
x x x x x x x x x x x x x x .1 x x x x x x x x x x x x x x x x x x x x x .1 x x x x x x x
x x x x x x x x x x x x x x x .1 x x x x x x x x x x x x x x x x x x x x x .1 x x x x x x
x x x x x x x x x x x x x x x x .1 x x x x x x x x x x x x x x x x x x x x x .1 x x x x x
x x x x x x x x x x x x x x x x x .1 x x x x x x x x x x x x x x x x x x x x x .1 x x x x
x x x x x x x x x x x x x x x x x x .1 x x x x x x x x x x x x x x x x x x x x x .1 x x x
x x x x x x x x x x x x x x x x x x x .1 x x x x x x x x x x x x x x x x x x x x x .1 x x
x x x x x x x x x x x x x x x x x x x x .1 x x x x x x x x x x x x x x x x x x x x x .1 x
x x x x x x x x x x x x x x x x x x x x x .1 x x x x x x x x x x x x x x x x x x x x x .1
