87
1 2 3 4 5 6 7 8 9 10 11 12 13 14 15 16 17 18 19 20 21 22 23 24 25 26 27 28 29 30 31 32 33 34 35 36 37 38 39 40 41 42 43 44 45 46 47 48 49 50 51 52 53 54 55 56 57 58 59 60 61 62 63 64 65 66 67 68 69 70 71 72 73 74 75 76 77 78 79 80 81 82 83 84 85 86 87
1
0.00001 74.53561 4109.91351 3047.99571 2266.91171 973.53881 4190.10081 3301.89341 4757.74221 3044.34821 3094.97811 3986.26111 5092.50541 6406.14961 5903.38891 8436.19851 6962.77801 6693.61221 6575.92411 8009.38691 7398.46271 7266.04911 7424.95271 9639.27161 9229.43661 8320.27311 9300.61241 8102.46881 7798.69791 1 1 x x x x x x x x x x x x x x x x x x x x x x x x x x x x x x x x x x x x x x x x x x x x x x x x x x x x x x x x
74.53561 0.00001 4069.70511 2999.49071 2213.59441 900.61711 4137.39721 3238.52681 4701.35911 2969.89531 3020.66961 3913.82881 5023.74921 6336.65941 5828.85541 8368.35971 6889.86771 6619.58371 6501.49561 7937.76141 7324.42711 7191.68811 7350.71401 9570.38261 9159.22431 8247.71011 9230.45991 8028.83691 7724.47441 x x 1 1 x x x x x x x x x x x x x x x x x x x x x x x x x x x x x x x x x x x x x x x x x x x x x x x x x x x x x x
4109.91351 4069.70511 0.00001 1172.36701 1972.94201 3496.22811 891.00441 1814.90741 1415.48971 3672.79791 3777.16081 2995.64491 2876.14711 3903.80181 5055.82721 5441.22641 4989.60031 5150.21571 5315.72611 5594.54101 5726.21981 5809.83971 5856.58671 6674.68271 6464.69041 6060.16131 6521.92891 6164.25631 6162.54851 x x x x 1 1 x x x x x x x x x x x x x x x x x x x x x x x x x x x x x x x x x x x x x x x x x x x x x x x x x x x x
3047.99571 2999.49071 1172.36701 0.00001 816.66671 2350.00001 1172.13011 994.70821 1796.67901 2648.37481 2755.04591 2315.28731 2719.88561 3972.38411 4546.82431 5801.93931 4883.36171 4886.17661 4959.08261 5695.22221 5536.10041 5544.92901 5633.71761 7044.24511 6739.76591 6110.28281 6804.32871 6090.17881 5975.73061 x x x x x x 1 1 x x x x x x x x x x x x x x x x x x x x x x x x x x x x x x x x x x x x x x x x x x x x x x x x x x
2266.91171 2213.59441 1972.94201 816.66671 0.00001 1533.33331 1923.89951 1188.01891 2497.22071 2208.38051 2311.80541 2324.08881 3087.83461 4400.10441 4557.28961 6341.09181 5174.32231 5070.72201 5074.39101 6093.55311 5754.02841 5710.71991 5826.82941 7572.24471 7220.43781 6470.55301 7288.21351 6373.03341 6186.05991 x x x x x x x x 1 1 x x x x x x x x x x x x x x x x x x x x x x x x x x x x x x x x x x x x x x x x x x x x x x x x
973.53881 900.61711 3496.22811 2350.00001 1533.33331 0.00001 3416.82931 2409.76021 3935.38081 2113.77761 2175.11181 3013.53431 4141.28941 5448.66211 4954.90771 7490.32711 5989.27281 5724.12051 5614.71281 7039.27471 6428.97891 6302.32671 6458.37501 8685.17261 8266.61621 7347.20281 8338.14871 7130.06151 6831.79421 x x x x x x x x x x 1 1 x x x x x x x x x x x x x x x x x x x x x x x x x x x x x x x x x x x x x x x x x x x x x x
4190.10081 4137.39721 891.00441 1172.13011 1923.89951 3416.82931 0.00001 1233.33341 650.85411 3086.35001 3184.38031 2202.27161 1986.76181 3063.53131 4179.74611 4733.71481 4116.36301 4260.57511 4425.08641 4775.45811 4843.46171 4920.89341 4970.77071 5976.92331 5718.63421 5227.33201 5779.51371 5300.96951 5281.05231 x x x x x x x x x x x x 1 1 x x x x x x x x x x x x x x x x x x x x x x x x x x x x x x x x x x x x x x x x x x x x
3301.89341 3238.52681 1814.90741 994.70821 1188.01891 2409.76021 1233.33341 0.00001 1586.48811 1876.75851 1978.56571 1320.77421 1899.85391 3213.17631 3555.62931 5175.28851 4005.13561 3946.34151 3992.11031 4906.06201 4614.75001 4598.57741 4700.01241 6399.84821 6036.96941 5287.35391 6105.23461 5208.88661 5051.39091 x x x x x x x x x x x x x x 1 1 x x x x x x x x x x x x x x x x x x x x x x x x x x x x x x x x x x x x x x x x x x
4757.74221 4701.35911 1415.48971 1796.67901 2497.22071 3935.38081 650.85411 1586.48811 0.00001 3285.36321 3373.50781 2177.21781 1576.30021 2490.66631 3883.65521 4088.05851 3600.34721 3817.86731 4029.33691 4179.74621 4355.70091 4467.82291 4496.69081 5330.46811 5083.33331 4644.74021 5143.09151 4760.54391 4787.10401 x x x x x x x x x x x x x x x x 1 1 x x x x x x x x x x x x x x x x x x x x x x x x x x x x x x x x x x x x x x x x
3044.34821 2969.89531 3672.79791 2648.37481 2208.38051 2113.77761 3086.35001 1876.75851 3285.36321 0.00001 106.71871 1359.73861 2673.84451 3821.56911 2863.80671 5889.37371 4089.14551 3722.19321 3559.68941 5216.69331 4421.19581 4255.95091 4427.56371 7000.25801 6513.10641 5454.71251 6587.06651 5156.03741 4801.33991 x x x x x x x x x x x x x x x x x x 1 1 x x x x x x x x x x x x x x x x x x x x x x x x x x x x x x x x x x x x x x
3094.97811 3020.66961 3777.16081 2755.04591 2311.80541 2175.11181 3184.38031 1978.56571 3373.50781 106.71871 0.00001 1411.95291 2723.61071 3850.60261 2824.10261 5914.62401 4086.73321 3704.20181 3530.26591 5221.45681 4400.61551 4227.45511 4402.30961 7016.25101 6523.14251 5450.40771 6597.24271 5140.25501 4775.61941 x x x x x x x x x x x x x x x x x x x x 1 1 x x x x x x x x x x x x x x x x x x x x x x x x x x x x x x x x x x x x
3986.26111 3913.82881 2995.64491 2315.28731 2324.08881 3013.53431 2202.27161 1320.77421 2177.21781 1359.73861 1411.95291 0.00001 1314.23821 2510.05791 2250.24691 4583.09091 2980.11931 2777.13881 2752.82691 4030.50871 3474.41581 3401.58011 3530.38481 5733.26071 5281.67691 4334.16661 5354.38561 4141.69181 3896.85231 x x x x x x x x x x x x x x x x x x x x x x 1 1 x x x x x x x x x x x x x x x x x x x x x x x x x x x x x x x x x x
5092.50541 5023.74921 2876.14711 2719.88561 3087.83461 4141.28941 1986.76181 1899.85391 1576.30021 2673.84451 2723.61071 1314.23821 0.00001 1321.76281 2330.29561 3350.16581 2171.14911 2274.06871 2457.69761 3007.02881 2866.29521 2934.13451 2987.30891 4546.82431 4152.64301 3399.34631 4222.29531 3375.44231 3305.89871 x x x x x x x x x x x x x x x x x x x x x x x x 1 1 x x x x x x x x x x x x x x x x x x x x x x x x x x x x x x x x
6406.14961 6336.65941 3903.80181 3972.38411 4400.10441 5448.66211 3063.53131 3213.17631 2490.66631 3821.56911 3850.60261 2510.05791 1321.76281 0.00001 2350.15991 2073.38321 1202.91371 1669.92221 2040.85391 1724.93191 1998.41661 2212.03361 2172.37281 3237.87931 2830.93051 2164.03711 2900.70901 2284.42211 2396.63811 x x x x x x x x x x x x x x x x x x x x x x x x x x 1 1 x x x x x x x x x x x x x x x x x x x x x x x x x x x x x x
5903.38891 5828.85541 5055.82721 4546.82431 4557.28961 4954.90771 4179.74611 3555.62931 3883.65521 2863.80671 2824.10261 2250.24691 2330.29561 2350.15991 0.00001 3950.03521 1739.81161 1108.05141 772.08231 2879.86311 1701.15171 1449.95121 1649.94281 4779.70251 4196.72491 2930.91761 4269.82311 2469.81781 2009.99451 x x x x x x x x x x x x x x x x x x x x x x x x x x x x 1 1 x x x x x x x x x x x x x x x x x x x x x x x x x x x x
8436.19851 8368.35971 5441.22641 5801.93931 6341.09181 7490.32711 4733.71481 5175.28851 4088.05851 5889.37371 5914.62401 4583.09091 3350.16581 2073.38321 3950.03521 0.00001 2220.67311 2897.22091 3324.15401 1274.64591 2650.90481 3017.96731 2836.79621 1243.87391 1087.93891 1641.56091 1129.03601 2251.54271 2772.56301 x x x x x x x x x x x x x x x x x x x x x x x x x x x x x x 1 1 x x x x x x x x x x x x x x x x x x x x x x x x x x
6962.77801 6889.86771 4989.60031 4883.36171 5174.32231 5989.27281 4116.36301 4005.13561 3600.34721 4089.14551 4086.73321 2980.11931 2171.14911 1202.91371 1739.81161 2220.67311 0.00001 683.33331 1115.67121 1173.07771 795.67721 1040.20431 973.68431 3063.44951 2503.88591 1367.27631 2578.22081 1207.03951 1200.54551 x x x x x x x x x x x x x x x x x x x x x x x x x x x x x x x x 1 1 x x x x x x x x x x x x x x x x x x x x x x x x
6693.61221 6619.58371 5150.21571 4886.17661 5070.72201 5724.12051 4260.57511 3946.34151 3817.86731 3722.19321 3704.20181 2777.13881 2274.06871 1669.92221 1108.05141 2897.22091 683.33331 0.00001 432.69191 1775.52811 704.87091 663.00881 756.10851 3673.93221 3088.73401 1833.71211 3161.79451 1437.97701 1119.71561 x x x x x x x x x x x x x x x x x x x x x x x x x x x x x x x x x x 1 1 x x x x x x x x x x x x x x x x x x x x x x
6575.92411 6501.49561 5315.72611 4959.08261 5074.39101 5614.71281 4425.08641 3992.11031 4029.33691 3559.68941 3530.26591 2752.82691 2457.69761 2040.85391 772.08231 3324.15401 1115.67121 432.69191 0.00001 2174.40931 929.28711 697.66621 884.60401 4063.72851 3467.98851 2176.70751 3539.97021 1697.87451 1252.37331 x x x x x x x x x x x x x x x x x x x x x x x x x x x x x x x x x x x x 1 1 x x x x x x x x x x x x x x x x x x x x
8009.38691 7937.76141 5594.54101 5695.22221 6093.55311 7039.27471 4775.45811 4906.06201 4179.74621 5216.69331 5221.45681 4030.50871 3007.02881 1724.93191 2879.86311 1274.64591 1173.07771 1775.52811 2174.40931 0.00001 1399.57681 1770.07461 1577.03311 1900.07311 1330.83101 509.90201 1405.14931 1001.80401 1498.29041 x x x x x x x x x x x x x x x x x x x x x x x x x x x x x x x x x x x x x x 1 1 x x x x x x x x x x x x x x x x x x
7398.46271 7324.42711 5726.21981 5536.10041 5754.02841 6428.97891 4843.46171 4614.75001 4355.70091 4421.19581 4400.61551 3474.41581 2866.29521 1998.41661 1701.15171 2650.90481 795.67721 704.87091 929.28711 1399.57681 0.00001 370.56061 197.92641 3221.67861 2610.18311 1285.42411 2679.43131 768.67511 440.45661 x x x x x x x x x x x x x x x x x x x x x x x x x x x x x x x x x x x x x x x x 1 1 x x x x x x x x x x x x x x x x
7266.04911 7191.68811 5809.83971 5544.92901 5710.71991 6302.32671 4920.89341 4598.57741 4467.82291 4255.95091 4227.45511 3401.58011 2934.13451 2212.03361 1449.95121 3017.96731 1040.20431 663.00881 697.66621 1770.07461 370.56061 0.00001 220.14201 3583.19471 2969.00611 1638.25711 3037.29251 1070.34391 560.07781 x x x x x x x x x x x x x x x x x x x x x x x x x x x x x x x x x x x x x x x x x x 1 1 x x x x x x x x x x x x x x
7424.95271 7350.71401 5856.58671 5633.71761 5826.82941 6458.37501 4970.77071 4700.01241 4496.69081 4427.56371 4402.30961 3530.38481 2987.30891 2172.37281 1649.94281 2836.79621 973.68431 756.10851 884.60401 1577.03311 197.92641 220.14201 0.00001 3370.02531 2754.48721 1422.23611 2822.26531 850.64031 374.13931 x x x x x x x x x x x x x x x x x x x x x x x x x x x x x x x x x x x x x x x x x x x x 1 1 x x x x x x x x x x x x
9639.27161 9570.38261 6674.68271 7044.24511 7572.24471 8685.17261 5976.92331 6399.84821 5330.46811 7000.25801 7016.25101 5733.26071 4546.82431 3237.87931 4779.70251 1243.87391 3063.44951 3673.93221 4063.72851 1900.07311 3221.67861 3583.19471 3370.02531 0.00001 620.25981 1951.13931 559.01701 2580.48231 3172.71121 x x x x x x x x x x x x x x x x x x x x x x x x x x x x x x x x x x x x x x x x x x x x x x 1 1 x x x x x x x x x x
9229.43661 9159.22431 6464.69041 6739.76591 7220.43781 8266.61621 5718.63421 6036.96941 5083.33331 6513.10641 6523.14251 5281.67691 4152.64301 2830.93051 4196.72491 1087.93891 2503.88591 3088.73401 3467.98851 1330.83101 2610.18311 2969.00611 2754.48721 620.25981 0.00001 1333.33331 74.53571 1960.22961 2552.53031 x x x x x x x x x x x x x x x x x x x x x x x x x x x x x x x x x x x x x x x x x x x x x x x x 1 1 x x x x x x x x
8320.27311 8247.71011 6060.16131 6110.28281 6470.55301 7347.20281 5227.33201 5287.35391 4644.74021 5454.71251 5450.40771 4334.16661 3399.34631 2164.03711 2930.91761 1641.56091 1367.27631 1833.71211 2176.70751 509.90201 1285.42411 1638.25711 1422.23611 1951.13931 1333.33331 0.00001 1400.39681 648.28841 1230.41851 x x x x x x x x x x x x x x x x x x x x x x x x x x x x x x x x x x x x x x x x x x x x x x x x x x 1 1 x x x x x x
9300.61241 9230.45991 6521.92891 6804.32871 7288.21351 8338.14871 5779.51371 6105.23461 5143.09151 6587.06651 6597.24271 5354.38561 4222.29531 2900.70901 4269.82311 1129.03601 2578.22081 3161.79451 3539.97021 1405.14931 2679.43131 3037.29251 2822.26531 559.01701 74.53571 1400.39681 0.00001 2023.54201 2616.22861 x x x x x x x x x x x x x x x x x x x x x x x x x x x x x x x x x x x x x x x x x x x x x x x x x x x x 1 1 x x x x
8102.46881 8028.83691 6164.25631 6090.17881 6373.03341 7130.06151 5300.96951 5208.88661 4760.54391 5156.03741 5140.25501 4141.69181 3375.44231 2284.42211 2469.81781 2251.54271 1207.03951 1437.97701 1697.87451 1001.80401 768.67511 1070.34391 850.64031 2580.48231 1960.22961 648.28841 2023.54201 0.00001 592.94001 x x x x x x x x x x x x x x x x x x x x x x x x x x x x x x x x x x x x x x x x x x x x x x x x x x x x x x 1 1 x x
7798.69791 7724.47441 6162.54851 5975.73061 6186.05991 6831.79421 5281.05231 5051.39091 4787.10401 4801.33991 4775.61941 3896.85231 3305.89871 2396.63811 2009.99451 2772.56301 1200.54551 1119.71561 1252.37331 1498.29041 440.45661 560.07781 374.13931 3172.71121 2552.53031 1230.41851 2616.22861 592.94001 0.00001 x x x x x x x x x x x x x x x x x x x x x x x x x x x x x x x x x x x x x x x x x x x x x x x x x x x x x x x x 1 1
1 x x x x x x x x x x x x x x x x x x x x x x x x x x x x 40000 x x x x x x x x x x x x x x x x x x x x x x x x x x x x x x x x x x x x x x x x x x x x x x x x x x x x x x x x x
1 x x x x x x x x x x x x x x x x x x x x x x x x x x x x x 40000 x x x x x x x x x x x x x x x x x x x x x x x x x x x x x x x x x x x x x x x x x x x x x x x x x x x x x x x x
x 1 x x x x x x x x x x x x x x x x x x x x x x x x x x x x x 40000 x x x x x x x x x x x x x x x x x x x x x x x x x x x x x x x x x x x x x x x x x x x x x x x x x x x x x x x
x 1 x x x x x x x x x x x x x x x x x x x x x x x x x x x x x x 40000 x x x x x x x x x x x x x x x x x x x x x x x x x x x x x x x x x x x x x x x x x x x x x x x x x x x x x x
x x 1 x x x x x x x x x x x x x x x x x x x x x x x x x x x x x x 40000 x x x x x x x x x x x x x x x x x x x x x x x x x x x x x x x x x x x x x x x x x x x x x x x x x x x x x
x x 1 x x x x x x x x x x x x x x x x x x x x x x x x x x x x x x x 40000 x x x x x x x x x x x x x x x x x x x x x x x x x x x x x x x x x x x x x x x x x x x x x x x x x x x x
x x x 1 x x x x x x x x x x x x x x x x x x x x x x x x x x x x x x x 40000 x x x x x x x x x x x x x x x x x x x x x x x x x x x x x x x x x x x x x x x x x x x x x x x x x x x
x x x 1 x x x x x x x x x x x x x x x x x x x x x x x x x x x x x x x x 40000 x x x x x x x x x x x x x x x x x x x x x x x x x x x x x x x x x x x x x x x x x x x x x x x x x x
x x x x 1 x x x x x x x x x x x x x x x x x x x x x x x x x x x x x x x x 40000 x x x x x x x x x x x x x x x x x x x x x x x x x x x x x x x x x x x x x x x x x x x x x x x x x
x x x x 1 x x x x x x x x x x x x x x x x x x x x x x x x x x x x x x x x x 40000 x x x x x x x x x x x x x x x x x x x x x x x x x x x x x x x x x x x x x x x x x x x x x x x x
x x x x x 1 x x x x x x x x x x x x x x x x x x x x x x x x x x x x x x x x x 40000 x x x x x x x x x x x x x x x x x x x x x x x x x x x x x x x x x x x x x x x x x x x x x x x
x x x x x 1 x x x x x x x x x x x x x x x x x x x x x x x x x x x x x x x x x x 40000 x x x x x x x x x x x x x x x x x x x x x x x x x x x x x x x x x x x x x x x x x x x x x x
x x x x x x 1 x x x x x x x x x x x x x x x x x x x x x x x x x x x x x x x x x x 40000 x x x x x x x x x x x x x x x x x x x x x x x x x x x x x x x x x x x x x x x x x x x x x
x x x x x x 1 x x x x x x x x x x x x x x x x x x x x x x x x x x x x x x x x x x x 40000 x x x x x x x x x x x x x x x x x x x x x x x x x x x x x x x x x x x x x x x x x x x x
x x x x x x x 1 x x x x x x x x x x x x x x x x x x x x x x x x x x x x x x x x x x x 40000 x x x x x x x x x x x x x x x x x x x x x x x x x x x x x x x x x x x x x x x x x x x
x x x x x x x 1 x x x x x x x x x x x x x x x x x x x x x x x x x x x x x x x x x x x x 40000 x x x x x x x x x x x x x x x x x x x x x x x x x x x x x x x x x x x x x x x x x x
x x x x x x x x 1 x x x x x x x x x x x x x x x x x x x x x x x x x x x x x x x x x x x x 40000 x x x x x x x x x x x x x x x x x x x x x x x x x x x x x x x x x x x x x x x x x
x x x x x x x x 1 x x x x x x x x x x x x x x x x x x x x x x x x x x x x x x x x x x x x x 40000 x x x x x x x x x x x x x x x x x x x x x x x x x x x x x x x x x x x x x x x x
x x x x x x x x x 1 x x x x x x x x x x x x x x x x x x x x x x x x x x x x x x x x x x x x x 40000 x x x x x x x x x x x x x x x x x x x x x x x x x x x x x x x x x x x x x x x
x x x x x x x x x 1 x x x x x x x x x x x x x x x x x x x x x x x x x x x x x x x x x x x x x x 40000 x x x x x x x x x x x x x x x x x x x x x x x x x x x x x x x x x x x x x x
x x x x x x x x x x 1 x x x x x x x x x x x x x x x x x x x x x x x x x x x x x x x x x x x x x x 40000 x x x x x x x x x x x x x x x x x x x x x x x x x x x x x x x x x x x x x
x x x x x x x x x x 1 x x x x x x x x x x x x x x x x x x x x x x x x x x x x x x x x x x x x x x x 40000 x x x x x x x x x x x x x x x x x x x x x x x x x x x x x x x x x x x x
x x x x x x x x x x x 1 x x x x x x x x x x x x x x x x x x x x x x x x x x x x x x x x x x x x x x x 40000 x x x x x x x x x x x x x x x x x x x x x x x x x x x x x x x x x x x
x x x x x x x x x x x 1 x x x x x x x x x x x x x x x x x x x x x x x x x x x x x x x x x x x x x x x x 40000 x x x x x x x x x x x x x x x x x x x x x x x x x x x x x x x x x x
x x x x x x x x x x x x 1 x x x x x x x x x x x x x x x x x x x x x x x x x x x x x x x x x x x x x x x x 40000 x x x x x x x x x x x x x x x x x x x x x x x x x x x x x x x x x
x x x x x x x x x x x x 1 x x x x x x x x x x x x x x x x x x x x x x x x x x x x x x x x x x x x x x x x x 40000 x x x x x x x x x x x x x x x x x x x x x x x x x x x x x x x x
x x x x x x x x x x x x x 1 x x x x x x x x x x x x x x x x x x x x x x x x x x x x x x x x x x x x x x x x x 40000 x x x x x x x x x x x x x x x x x x x x x x x x x x x x x x x
x x x x x x x x x x x x x 1 x x x x x x x x x x x x x x x x x x x x x x x x x x x x x x x x x x x x x x x x x x 40000 x x x x x x x x x x x x x x x x x x x x x x x x x x x x x x
x x x x x x x x x x x x x x 1 x x x x x x x x x x x x x x x x x x x x x x x x x x x x x x x x x x x x x x x x x x 40000 x x x x x x x x x x x x x x x x x x x x x x x x x x x x x
x x x x x x x x x x x x x x 1 x x x x x x x x x x x x x x x x x x x x x x x x x x x x x x x x x x x x x x x x x x x 40000 x x x x x x x x x x x x x x x x x x x x x x x x x x x x
x x x x x x x x x x x x x x x 1 x x x x x x x x x x x x x x x x x x x x x x x x x x x x x x x x x x x x x x x x x x x 40000 x x x x x x x x x x x x x x x x x x x x x x x x x x x
x x x x x x x x x x x x x x x 1 x x x x x x x x x x x x x x x x x x x x x x x x x x x x x x x x x x x x x x x x x x x x 40000 x x x x x x x x x x x x x x x x x x x x x x x x x x
x x x x x x x x x x x x x x x x 1 x x x x x x x x x x x x x x x x x x x x x x x x x x x x x x x x x x x x x x x x x x x x 40000 x x x x x x x x x x x x x x x x x x x x x x x x x
x x x x x x x x x x x x x x x x 1 x x x x x x x x x x x x x x x x x x x x x x x x x x x x x x x x x x x x x x x x x x x x x 40000 x x x x x x x x x x x x x x x x x x x x x x x x
x x x x x x x x x x x x x x x x x 1 x x x x x x x x x x x x x x x x x x x x x x x x x x x x x x x x x x x x x x x x x x x x x 40000 x x x x x x x x x x x x x x x x x x x x x x x
x x x x x x x x x x x x x x x x x 1 x x x x x x x x x x x x x x x x x x x x x x x x x x x x x x x x x x x x x x x x x x x x x x 40000 x x x x x x x x x x x x x x x x x x x x x x
x x x x x x x x x x x x x x x x x x 1 x x x x x x x x x x x x x x x x x x x x x x x x x x x x x x x x x x x x x x x x x x x x x x 40000 x x x x x x x x x x x x x x x x x x x x x
x x x x x x x x x x x x x x x x x x 1 x x x x x x x x x x x x x x x x x x x x x x x x x x x x x x x x x x x x x x x x x x x x x x x 40000 x x x x x x x x x x x x x x x x x x x x
x x x x x x x x x x x x x x x x x x x 1 x x x x x x x x x x x x x x x x x x x x x x x x x x x x x x x x x x x x x x x x x x x x x x x 40000 x x x x x x x x x x x x x x x x x x x
x x x x x x x x x x x x x x x x x x x 1 x x x x x x x x x x x x x x x x x x x x x x x x x x x x x x x x x x x x x x x x x x x x x x x x 40000 x x x x x x x x x x x x x x x x x x
x x x x x x x x x x x x x x x x x x x x 1 x x x x x x x x x x x x x x x x x x x x x x x x x x x x x x x x x x x x x x x x x x x x x x x x 40000 x x x x x x x x x x x x x x x x x
x x x x x x x x x x x x x x x x x x x x 1 x x x x x x x x x x x x x x x x x x x x x x x x x x x x x x x x x x x x x x x x x x x x x x x x x 40000 x x x x x x x x x x x x x x x x
x x x x x x x x x x x x x x x x x x x x x 1 x x x x x x x x x x x x x x x x x x x x x x x x x x x x x x x x x x x x x x x x x x x x x x x x x 40000 x x x x x x x x x x x x x x x
x x x x x x x x x x x x x x x x x x x x x 1 x x x x x x x x x x x x x x x x x x x x x x x x x x x x x x x x x x x x x x x x x x x x x x x x x x 40000 x x x x x x x x x x x x x x
x x x x x x x x x x x x x x x x x x x x x x 1 x x x x x x x x x x x x x x x x x x x x x x x x x x x x x x x x x x x x x x x x x x x x x x x x x x 40000 x x x x x x x x x x x x x
x x x x x x x x x x x x x x x x x x x x x x 1 x x x x x x x x x x x x x x x x x x x x x x x x x x x x x x x x x x x x x x x x x x x x x x x x x x x 40000 x x x x x x x x x x x x
x x x x x x x x x x x x x x x x x x x x x x x 1 x x x x x x x x x x x x x x x x x x x x x x x x x x x x x x x x x x x x x x x x x x x x x x x x x x x 40000 x x x x x x x x x x x
x x x x x x x x x x x x x x x x x x x x x x x 1 x x x x x x x x x x x x x x x x x x x x x x x x x x x x x x x x x x x x x x x x x x x x x x x x x x x x 40000 x x x x x x x x x x
x x x x x x x x x x x x x x x x x x x x x x x x 1 x x x x x x x x x x x x x x x x x x x x x x x x x x x x x x x x x x x x x x x x x x x x x x x x x x x x 40000 x x x x x x x x x
x x x x x x x x x x x x x x x x x x x x x x x x 1 x x x x x x x x x x x x x x x x x x x x x x x x x x x x x x x x x x x x x x x x x x x x x x x x x x x x x 40000 x x x x x x x x
x x x x x x x x x x x x x x x x x x x x x x x x x 1 x x x x x x x x x x x x x x x x x x x x x x x x x x x x x x x x x x x x x x x x x x x x x x x x x x x x x 40000 x x x x x x x
x x x x x x x x x x x x x x x x x x x x x x x x x 1 x x x x x x x x x x x x x x x x x x x x x x x x x x x x x x x x x x x x x x x x x x x x x x x x x x x x x x 40000 x x x x x x
x x x x x x x x x x x x x x x x x x x x x x x x x x 1 x x x x x x x x x x x x x x x x x x x x x x x x x x x x x x x x x x x x x x x x x x x x x x x x x x x x x x 40000 x x x x x
x x x x x x x x x x x x x x x x x x x x x x x x x x 1 x x x x x x x x x x x x x x x x x x x x x x x x x x x x x x x x x x x x x x x x x x x x x x x x x x x x x x x 40000 x x x x
x x x x x x x x x x x x x x x x x x x x x x x x x x x 1 x x x x x x x x x x x x x x x x x x x x x x x x x x x x x x x x x x x x x x x x x x x x x x x x x x x x x x x 40000 x x x
x x x x x x x x x x x x x x x x x x x x x x x x x x x 1 x x x x x x x x x x x x x x x x x x x x x x x x x x x x x x x x x x x x x x x x x x x x x x x x x x x x x x x x 40000 x x
x x x x x x x x x x x x x x x x x x x x x x x x x x x x 1 x x x x x x x x x x x x x x x x x x x x x x x x x x x x x x x x x x x x x x x x x x x x x x x x x x x x x x x x 40000 x
x x x x x x x x x x x x x x x x x x x x x x x x x x x x 1 x x x x x x x x x x x x x x x x x x x x x x x x x x x x x x x x x x x x x x x x x x x x x x x x x x x x x x x x x 40000
