140
1 2 3 4 5 6 7 8 9 10 11 12 13 14 15 16 17 18 19 20 21 22 23 24 25 26 27 28 29 30 31 32 33 34 35 36 37 38 39 40 41 42 43 44 45 46 47 48 49 50 51 52 53 54 55 56 57 58 59 60 61 62 63 64 65 66 67 68 69 70 71 72 73 74 75 76 77 78 79 80 81 82 83 84 85 86 87 88 89 90 91 92 93 94 95 96 97 98 99 100 101 102 103 104 105 106 107 108 109 110 111 112 113 114 115 116 117 118 119 120 121 122 123 124 125 126 127 128 129 130 131 132 133 134 135 136 137 138 139 140
1
0.00101 59.20401 73.17201 54.59001 33.12201 53.34001 64.28901 80.41201 80.53001 36.40201 60.40801 57.01001 14.56101 88.00101 49.82101 8.60301 65.55301 56.14401 68.03001 95.02201 64.07101 25.94301 8.54501 51.04001 105.39501 81.32101 93.40901 84.01301 14.14301 93.43501 19.69901 68.59401 60.14201 64.63801 32.57401 4.24401 20.61701 18.60201 95.21101 89.55501 58.85701 60.00901 66.09901 78.91901 97.94501 99.00601 12.53101 65.74301 90.80301 30.48101 43.83001 41.87001 33.95701 67.80201 95.27401 52.80301 43.83001 21.26101 26.25001 50.21101 87.66501 77.98801 30.01801 55.14601 49.04201 30.67701 60.82901 78.64601 21.47201 20.10101 1 x x x x x x x x x x x x x x x x x x x x x x x x x x x x x x x x x x x x x x x x x x x x x x x x x x x x x x x x x x x x x x x x x x x x x
59.20401 0.00101 19.41701 8.54501 42.52201 22.36201 5.10001 22.02401 52.49901 47.20301 81.84201 52.39401 53.03901 34.88701 23.43201 56.86001 40.20101 12.04301 13.00101 42.04901 52.15501 34.23501 50.69601 19.85001 80.23201 22.13701 58.31101 26.17401 55.03701 43.83001 49.04201 13.03901 62.09801 53.15201 49.33701 61.39301 54.40701 42.29801 74.72701 63.57001 26.02001 17.26401 36.49801 35.00101 72.80201 64.66201 50.99101 80.05701 31.62401 53.76001 66.28801 49.74001 33.94201 71.80601 36.71601 72.94601 22.84801 53.60101 37.01501 55.15501 65.25401 75.24101 31.01701 93.60701 76.27701 28.63701 75.77001 37.73701 47.09701 55.14601 x 1 x x x x x x x x x x x x x x x x x x x x x x x x x x x x x x x x x x x x x x x x x x x x x x x x x x x x x x x x x x x x x x x x x x x x
73.17201 19.41701 0.00101 19.23601 48.75501 22.82601 16.28001 11.66301 39.00101 51.62501 81.56701 48.82701 69.58501 15.81201 42.80301 69.05201 31.38601 17.03001 25.49601 23.08801 45.61901 50.48901 65.03201 39.20601 64.76201 18.68301 41.43801 12.80701 71.56901 24.41401 66.28801 6.40401 58.52401 46.52001 68.15501 76.02701 63.57001 58.31101 61.13201 49.25501 21.21401 14.31901 26.92701 17.72101 57.87201 47.54001 62.96901 77.66701 25.24001 59.94301 68.88501 52.01101 42.06001 67.12001 33.12201 73.55401 42.06001 62.62701 54.34301 54.49001 52.01101 67.67701 48.05301 97.61801 78.64601 44.28401 74.20301 21.37901 64.53801 72.56801 x x 1 x x x x x x x x x x x x x x x x x x x x x x x x x x x x x x x x x x x x x x x x x x x x x x x x x x x x x x x x x x x x x x x x x x x
54.59001 8.54501 19.23601 0.00101 34.65601 14.03701 12.04301 25.96301 46.09901 39.05201 73.35601 43.93301 50.36001 34.92901 27.46001 51.24601 32.75801 4.47301 21.54201 42.20301 44.01201 31.25801 46.27201 24.18801 74.24401 28.30301 53.41401 29.42901 52.34601 42.54501 47.07501 14.03701 53.60101 45.01201 49.65001 57.22001 47.50901 39.11601 68.00801 57.27201 18.44001 10.81801 29.41201 31.24201 66.64201 59.81701 45.22301 71.51301 37.59101 46.01201 58.01001 41.34101 26.40201 63.34901 43.60101 64.49901 24.76001 46.64901 35.17201 46.61601 58.52401 67.06801 28.86301 85.63401 68.00801 25.08101 67.23201 33.24301 45.35501 53.36801 x x x 1 x x x x x x x x x x x x x x x x x x x x x x x x x x x x x x x x x x x x x x x x x x x x x x x x x x x x x x x x x x x x x x x x x x
33.12201 42.52201 48.75501 34.65601 0.00101 26.00101 46.67001 58.83101 47.54001 6.00101 41.97701 24.84001 39.05201 61.13201 48.05301 25.63301 32.98601 33.60201 55.00101 67.47001 31.24201 28.63701 28.32101 46.84101 72.42301 62.62701 60.73001 61.29501 40.36201 64.38301 39.96301 46.32601 30.46401 31.89101 50.69601 37.21701 16.00101 30.41501 62.48301 56.43701 29.61501 34.43901 34.23501 49.16401 64.90101 66.13001 20.59201 43.00101 71.61101 11.40301 24.69901 11.40301 8.94501 39.85101 78.10301 32.75801 41.59401 15.00101 34.20601 20.24901 54.64501 48.30201 31.14601 51.08901 34.43901 26.00101 38.01401 48.00101 39.82601 45.00101 x x x x 1 x x x x x x x x x x x x x x x x x x x x x x x x x x x x x x x x x x x x x x x x x x x x x x x x x x x x x x x x x x x x x x x x x
53.34001 22.36201 22.82601 14.03701 26.00101 0.00101 24.69901 33.42301 34.41001 28.84501 60.74601 30.08401 52.92501 35.51201 39.56101 48.01101 19.69901 10.44101 35.17201 42.19101 30.00101 34.98701 45.89201 36.68901 62.68301 38.28901 44.04601 35.51201 54.78201 40.11301 51.00101 21.21401 39.85101 31.00101 56.72801 56.72001 41.23201 41.63001 55.46301 45.48701 6.40401 8.60301 17.20601 25.71101 54.91901 50.33001 42.00101 58.18201 46.69101 37.12201 46.67001 29.69901 20.10101 49.47801 53.81501 52.20301 35.35601 40.26301 40.22501 33.61601 46.06601 53.03901 34.20601 75.16701 56.58701 28.84501 54.12101 26.00101 49.74001 57.24601 x x x x x 1 x x x x x x x x x x x x x x x x x x x x x x x x x x x x x x x x x x x x x x x x x x x x x x x x x x x x x x x x x x x x x x x x
64.28901 5.10001 16.28001 12.04301 46.67001 24.69901 0.00101 17.11801 52.17401 51.08901 85.08901 54.70901 58.07901 31.06501 26.92701 61.84801 41.01301 14.31901 11.00101 38.08001 53.76001 39.32001 55.78601 23.32501 79.38001 17.08901 56.79901 21.37901 60.07601 40.46101 54.01001 10.00101 64.51501 54.74601 53.85301 66.49201 59.07701 47.38201 74.52601 63.06401 27.29601 18.11201 37.01501 33.12201 72.12601 63.06401 55.94701 82.85601 26.57201 58.00101 70.00101 53.25501 38.28901 74.04201 31.90701 76.32301 27.20401 58.25001 42.00101 58.13901 65.11601 76.79301 36.05701 97.67401 80.00101 33.73501 78.72201 36.25001 52.03901 60.07601 x x x x x x 1 x x x x x x x x x x x x x x x x x x x x x x x x x x x x x x x x x x x x x x x x x x x x x x x x x x x x x x x x x x x x x x x
80.41201 22.02401 11.66301 25.96301 58.83101 33.42301 17.11801 0.00101 49.36701 62.20201 93.08701 60.46601 75.00801 17.49401 43.08201 77.20201 42.95401 25.49601 21.40201 23.34601 57.24601 56.08101 72.00801 39.56101 73.55401 8.06301 49.65001 4.47301 77.00701 27.78601 71.06401 12.53101 70.17901 58.13901 70.83201 82.87401 72.91901 64.12601 71.02901 59.00901 32.65101 24.84001 38.48501 27.02001 67.12001 55.31801 71.17001 89.30901 13.60201 70.17901 79.98201 63.03301 51.43101 78.77301 21.47201 84.96001 44.14801 72.01501 59.03501 65.94801 62.20201 79.12101 53.00101 108.57801 89.82901 50.25001 85.80301 31.06501 69.11701 77.16301 x x x x x x x 1 x x x x x x x x x x x x x x x x x x x x x x x x x x x x x x x x x x x x x x x x x x x x x x x x x x x x x x x x x x x x x x
80.53001 52.49901 39.00101 46.09901 47.54001 34.41001 52.17401 49.36701 0.00101 45.60801 57.77601 28.01901 84.05501 37.16301 73.35601 73.16501 15.62101 41.63001 62.96901 38.83401 20.10101 67.94201 74.79401 70.21501 28.30301 57.22001 14.00101 48.05301 85.70401 32.01701 83.24201 43.29101 33.52701 20.22501 90.52201 84.52901 62.64301 73.41101 22.36201 11.18101 28.30301 35.46901 17.20601 22.56201 20.59201 18.68301 68.03001 50.60701 61.61301 54.13001 53.23601 41.59401 47.70801 37.73701 69.85801 52.88801 69.64301 61.68601 73.55401 37.01501 13.03901 33.30301 67.89801 79.81301 60.41601 62.22601 49.24501 18.44001 82.33001 89.20301 x x x x x x x x 1 x x x x x x x x x x x x x x x x x x x x x x x x x x x x x x x x x x x x x x x x x x x x x x x x x x x x x x x x x x x x x
36.40201 47.20301 51.62501 39.05201 6.00101 28.84501 51.08901 62.20201 45.60801 0.00101 36.14001 20.61701 43.83001 62.96901 53.93601 28.30301 32.06301 37.48401 59.90901 68.96501 27.78601 34.52601 32.65101 52.63201 69.11701 66.52901 59.22901 64.35201 45.00101 65.30801 45.17801 49.82101 25.06101 28.30301 56.30401 40.60901 17.08901 35.84801 58.82301 53.71301 31.38601 37.44401 34.06001 50.01101 61.77501 64.28901 24.08401 37.00101 75.28701 9.05601 19.23601 5.83201 14.56101 34.17701 82.07401 26.92701 47.51901 16.15601 40.02601 14.76601 51.47901 43.04701 37.12201 46.67001 29.15601 32.00101 32.01701 48.37501 45.18901 49.93101 x x x x x x x x x 1 x x x x x x x x x x x x x x x x x x x x x x x x x x x x x x x x x x x x x x x x x x x x x x x x x x x x x x x x x x x x
60.40801 81.84201 81.56701 73.35601 41.97701 60.74601 85.08901 93.08701 57.77601 36.14001 0.00101 33.30301 72.78101 88.73101 90.02901 52.20301 52.63201 70.83201 94.81101 93.00601 39.11601 69.06601 61.18901 88.77001 68.00801 98.81401 70.83901 94.17601 73.24701 87.36801 75.95501 81.61001 24.69901 38.58901 88.56701 64.25801 41.59401 68.18501 57.01001 59.44001 60.44101 68.82001 56.72801 73.41101 63.19901 73.24701 51.78901 9.22101 106.66901 34.00101 18.00101 32.31201 50.69601 21.21401 114.20301 9.22101 83.54701 41.43801 74.00101 27.20401 54.91901 31.06501 72.25101 24.08401 11.66301 67.60301 8.54501 70.21501 76.65601 79.07701 x x x x x x x x x x 1 x x x x x x x x x x x x x x x x x x x x x x x x x x x x x x x x x x x x x x x x x x x x x x x x x x x x x x x x x x x
57.01001 52.39401 48.82701 43.93301 24.84001 30.08401 54.70901 60.46601 28.01901 20.61701 33.30301 0.00101 63.89201 55.44501 66.27301 48.82701 19.41701 40.52301 65.25401 59.90901 8.06301 51.89501 53.03901 64.07101 48.76601 66.73201 42.01301 61.22201 65.19301 54.59001 64.63801 49.65001 9.85001 8.24701 74.70701 61.22201 37.21701 54.91901 38.27601 34.20601 28.17901 37.16301 23.43201 40.22501 41.63001 46.17501 44.68901 28.84501 74.06201 27.73201 25.31901 15.26501 29.54801 19.41701 81.83601 26.42101 60.67201 36.36001 57.69801 9.00101 31.38601 24.74001 53.48901 52.92501 33.24301 47.76101 25.49601 37.21701 64.35201 69.81501 x x x x x x x x x x x 1 x x x x x x x x x x x x x x x x x x x x x x x x x x x x x x x x x x x x x x x x x x x x x x x x x x x x x x x x x x
14.56101 53.03901 69.58501 50.36001 39.05201 52.92501 58.07901 75.00801 84.05501 43.83001 72.78101 63.89201 0.00101 85.16001 38.91101 21.02501 68.50601 52.95401 59.66701 92.39701 70.00801 19.10601 11.70601 40.85401 110.63601 74.54601 95.88101 79.00701 2.00101 91.92501 5.65801 64.19601 68.79801 70.72601 18.02901 13.03901 31.32201 11.40301 101.14001 94.02201 59.09401 57.97501 68.09701 78.43601 102.94301 101.87301 21.19101 77.16301 83.86401 40.31201 55.36301 49.65001 36.40201 77.41501 87.32201 64.56101 33.83901 31.62401 16.28001 58.52401 92.85001 86.82301 22.02401 69.46301 61.81501 25.31901 72.11201 78.92501 7.81101 6.32601 x x x x x x x x x x x x 1 x x x x x x x x x x x x x x x x x x x x x x x x x x x x x x x x x x x x x x x x x x x x x x x x x x x x x x x x x
88.00101 34.88701 15.81201 34.92901 61.13201 35.51201 31.06501 17.49401 37.16301 62.96901 88.73101 55.44501 85.16001 0.00101 57.98401 83.29601 36.12601 32.25001 38.21101 7.28101 50.21101 66.09901 80.05701 54.37901 58.00101 25.08101 34.01601 13.92901 87.13301 10.29701 82.00101 21.93301 64.38301 50.93201 83.93501 91.05001 76.68901 73.82501 57.07101 45.12301 31.62401 28.01901 32.01701 15.62101 52.24101 39.11601 77.23401 83.44001 26.02001 71.78501 78.39101 62.17001 55.58001 71.59001 34.01601 81.61001 57.69801 75.71101 70.09401 62.68301 49.04201 69.64301 63.79001 107.18801 87.66501 59.84201 80.72301 19.41701 80.28201 88.29601 x x x x x x x x x x x x x 1 x x x x x x x x x x x x x x x x x x x x x x x x x x x x x x x x x x x x x x x x x x x x x x x x x x x x x x x x
49.82101 23.43201 42.80301 27.46001 48.05301 39.56101 26.92701 43.08201 73.35601 53.93601 90.02901 66.27301 38.91101 57.98401 0.00101 50.99101 59.23801 31.90701 23.19601 65.00101 68.44801 24.84001 41.77401 3.60701 101.59801 39.81301 80.80301 47.54001 40.72001 67.20201 33.61601 36.40201 75.02801 69.42701 29.00101 50.47901 53.71301 31.24201 94.93801 84.53501 45.18901 38.27601 56.36601 58.05301 93.94201 87.20201 46.40101 90.55501 48.26101 57.24601 72.53401 58.42201 39.46001 85.02501 50.09101 80.80901 6.70901 53.23601 23.60201 66.06901 85.49401 90.79701 20.61701 96.15201 81.90901 23.26001 85.71001 60.44101 31.38601 38.60201 x x x x x x x x x x x x x x 1 x x x x x x x x x x x x x x x x x x x x x x x x x x x x x x x x x x x x x x x x x x x x x x x x x x x x x x x
8.60301 56.86001 69.05201 51.24601 25.63301 48.01101 61.84801 77.20201 73.16501 28.30301 52.20301 48.82701 21.02501 83.29601 50.99101 0.00101 58.52401 52.17401 66.88901 90.14001 56.08101 26.17401 10.44101 51.62501 97.41801 78.92501 86.33201 80.52401 21.21401 88.02401 25.18001 65.00101 51.62501 56.60501 38.32901 12.80701 12.04301 20.59201 87.09301 81.84201 53.08601 55.32701 59.44001 73.17201 90.05101 91.76201 6.08401 57.27201 88.39201 21.93301 35.34201 33.60201 28.01901 59.20401 93.47301 44.38601 44.55401 12.72901 28.30301 41.77401 79.75701 69.42701 30.41501 48.83701 41.00101 29.41201 52.32701 72.56101 26.47701 27.16701 x x x x x x x x x x x x x x x 1 x x x x x x x x x x x x x x x x x x x x x x x x x x x x x x x x x x x x x x x x x x x x x x x x x x x x x x
65.55301 40.20101 31.38601 32.75801 32.98601 19.69901 41.01301 42.95401 15.62101 32.06301 52.63201 19.41701 68.50601 36.12601 59.23801 58.52401 0.00101 28.44401 52.01101 40.49801 14.42301 52.34601 59.48201 56.30401 43.41801 49.98101 27.85801 43.04701 70.17901 35.34201 67.62501 33.73501 28.28501 15.26501 75.00801 69.46301 48.66301 57.80201 35.77801 26.25001 14.31901 23.02301 4.47301 20.81001 35.61001 33.54201 53.14201 47.42501 56.35701 41.01301 43.65901 29.15601 32.25001 36.05701 64.40601 45.79401 55.01001 47.67701 57.98401 27.31401 26.42101 36.40201 52.40301 72.01501 52.32701 46.69101 44.59901 17.89001 66.70901 73.60101 x x x x x x x x x x x x x x x x 1 x x x x x x x x x x x x x x x x x x x x x x x x x x x x x x x x x x x x x x x x x x x x x x x x x x x x x
56.14401 12.04301 17.03001 4.47301 33.60201 10.44101 14.31901 25.49601 41.63001 37.48401 70.83201 40.52301 52.95401 32.25001 31.90701 52.17401 28.44401 0.00101 24.74001 39.46001 40.11301 33.95701 48.01101 28.65401 69.77201 29.07001 49.04201 28.46101 54.91901 39.21801 50.00101 13.00101 50.29001 41.11101 53.34001 59.00901 47.42501 41.59401 63.57001 52.80301 14.14301 6.40401 25.00101 27.20401 62.17001 55.44501 46.09901 68.54301 38.01401 45.00101 56.08101 39.20601 25.94301 59.90901 44.59901 62.13001 29.00101 46.52001 38.27601 43.83001 54.08401 63.19901 31.95401 84.15001 66.06901 27.66001 64.40601 29.00101 48.38501 56.32201 x x x x x x x x x x x x x x x x x 1 x x x x x x x x x x x x x x x x x x x x x x x x x x x x x x x x x x x x x x x x x x x x x x x x x x x x
68.03001 13.00101 25.49601 21.54201 55.00101 35.17201 11.00101 21.40201 62.96901 59.90901 94.81101 65.25401 59.66701 38.21101 23.19601 66.88901 52.01101 24.74001 0.00101 44.59901 64.63101 42.15501 59.50701 20.02601 89.84501 16.76401 66.85201 25.80801 61.61301 48.27101 54.91901 19.92601 75.00101 65.62101 52.08701 69.64301 65.85701 49.98101 85.33001 73.75701 38.21101 29.07001 48.01101 43.08201 82.71101 73.00801 61.29501 93.04901 25.08101 66.06901 79.07701 62.65101 46.22901 84.64701 27.66001 85.88501 26.17401 65.11601 43.41801 68.15501 75.95501 87.69401 38.27601 106.04301 89.04601 37.59101 88.77001 46.48801 52.77401 60.53201 x x x x x x x x x x x x x x x x x x 1 x x x x x x x x x x x x x x x x x x x x x x x x x x x x x x x x x x x x x x x x x x x x x x x x x x x
95.02201 42.04901 23.08801 42.20301 67.47001 42.19101 38.08001 23.34601 38.83401 68.96501 93.00601 59.90901 92.39701 7.28101 65.00101 90.14001 40.49801 39.46001 44.59901 0.00101 54.03801 73.34901 87.14501 61.40101 56.43701 30.23301 32.98601 19.21001 94.36701 7.28101 89.27001 29.15601 68.41201 54.67301 91.18201 98.12801 83.18801 81.05001 56.92201 45.31101 37.85601 35.01501 36.71601 19.72401 51.42101 37.21701 84.09601 87.20801 29.12101 77.88601 83.63101 67.78001 62.29101 74.96801 36.49801 86.28501 64.88601 82.20201 77.37001 67.60301 49.66001 72.00801 71.06401 112.29501 92.66201 67.08301 84.81301 22.80501 87.55701 95.56801 x x x x x x x x x x x x x x x x x x x 1 x x x x x x x x x x x x x x x x x x x x x x x x x x x x x x x x x x x x x x x x x x x x x x x x x x
64.07101 52.15501 45.61901 44.01201 31.24201 30.00101 53.76001 57.24601 20.10101 27.78601 39.11601 8.06301 70.00801 50.21101 68.44801 56.08101 14.42301 40.11301 64.63101 54.03801 0.00101 56.60501 59.54901 65.92501 41.34101 64.07901 34.06001 57.45501 71.42201 48.26101 70.29301 47.43501 14.42301 1.00101 79.61301 68.24301 44.72201 60.44101 31.24201 26.25001 26.47701 35.69401 18.86901 34.65601 34.00101 38.11901 51.61501 33.24301 70.71201 35.46901 33.13701 22.84801 34.41001 21.63401 78.71601 33.24301 63.32601 43.83001 62.43501 17.03001 23.70801 23.08801 57.70701 60.08401 40.52301 51.88501 30.80701 31.24201 69.81501 75.74401 x x x x x x x x x x x x x x x x x x x x 1 x x x x x x x x x x x x x x x x x x x x x x x x x x x x x x x x x x x x x x x x x x x x x x x x x
25.94301 34.23501 50.48901 31.25801 28.63701 34.98701 39.32001 56.08101 67.94201 34.52601 69.06601 51.89501 19.10601 66.09901 24.84001 26.17401 52.34601 33.95701 42.15501 73.34901 56.60501 0.00101 17.49401 25.49601 95.52601 56.09001 78.81701 60.00901 21.09601 73.08301 16.15601 45.10101 58.82301 57.45501 23.02301 27.51501 29.73301 8.06301 86.83401 78.49301 41.34101 39.21801 51.22601 60.00901 87.72801 85.00101 21.63401 71.25401 65.51401 35.12901 51.08901 40.02601 22.36201 68.41201 69.57101 60.00901 18.38601 29.41201 5.83201 48.76601 77.98801 76.32301 4.24401 72.23701 59.68301 6.32601 66.19001 60.82901 14.76601 22.47301 x x x x x x x x x x x x x x x x x x x x x 1 x x x x x x x x x x x x x x x x x x x x x x x x x x x x x x x x x x x x x x x x x x x x x x x x
8.54501 50.69601 65.03201 46.27201 28.32101 45.89201 55.78601 72.00801 74.79401 32.65101 61.18901 53.03901 11.70601 80.05701 41.77401 10.44101 59.48201 48.01101 59.50701 87.14501 59.54901 17.49401 0.00101 42.80301 100.60401 72.80201 87.23601 75.66501 12.53101 85.84401 15.00101 60.30001 57.42901 60.20901 28.07201 11.00101 19.64801 10.63101 90.78601 84.31601 51.66301 52.15501 59.61601 71.59001 93.00601 93.02301 9.48801 65.46101 82.28101 28.63701 43.68201 38.42001 27.31401 65.86401 86.73001 52.88801 35.61001 19.92601 18.44001 47.20301 82.80201 75.45301 21.63401 59.22901 50.36001 22.13701 60.40801 71.56901 16.12601 18.02901 x x x x x x x x x x x x x x x x x x x x x x 1 x x x x x x x x x x x x x x x x x x x x x x x x x x x x x x x x x x x x x x x x x x x x x x x
51.04001 19.85001 39.20601 24.18801 46.84101 36.68901 23.32501 39.56101 70.21501 52.63201 88.77001 64.07101 40.85401 54.37901 3.60701 51.62501 56.30401 28.65401 20.02601 61.40101 65.92501 25.49601 42.80301 0.00101 98.41301 36.49801 77.42201 44.01201 42.72101 63.60101 35.73601 32.80301 73.00801 66.91101 32.06301 51.97201 53.53601 32.45101 91.92501 81.39501 42.15501 34.98701 53.31101 54.56301 90.78601 83.81601 46.75601 88.95601 45.10101 56.46301 71.47101 56.88701 38.08001 83.00701 47.26601 79.55601 7.21201 53.00101 25.06101 64.28201 82.46301 88.46001 21.26101 95.77201 80.99501 23.02301 84.17301 57.01001 33.52701 41.00101 x x x x x x x x x x x x x x x x x x x x x x x 1 x x x x x x x x x x x x x x x x x x x x x x x x x x x x x x x x x x x x x x x x x x x x x x
105.39501 80.23201 64.76201 74.24401 72.42301 62.68301 79.38001 73.55401 28.30301 69.11701 68.00801 48.76601 110.63601 58.00101 101.59801 97.41801 43.41801 69.77201 89.84501 56.43701 41.34101 95.52601 100.60401 98.41301 0.00101 81.61601 24.02201 71.17701 112.16201 49.25501 110.34601 69.92201 49.04201 40.81801 118.34401 109.55501 85.96001 100.45001 11.18101 17.20601 56.60501 63.50701 45.48701 47.07501 7.81101 19.23601 92.91501 59.00901 84.00701 76.48001 70.60601 64.00901 74.33101 47.17101 92.00601 66.75401 97.94501 85.08901 101.23801 56.86001 17.80501 37.01501 95.77701 92.05001 74.81401 90.02901 60.13401 43.41801 109.60501 116.10401 x x x x x x x x x x x x x x x x x x x x x x x x 1 x x x x x x x x x x x x x x x x x x x x x x x x x x x x x x x x x x x x x x x x x x x x x
81.32101 22.13701 18.68301 28.30301 62.62701 38.28901 17.08901 8.06301 57.22001 66.52901 98.81401 66.73201 74.54601 25.08101 39.81301 78.92501 49.98101 29.07001 16.76401 30.23301 64.07901 56.09001 72.80201 36.49801 81.61601 0.00101 57.70701 11.18101 76.53201 35.34201 70.17901 17.20601 76.53901 65.00101 68.47001 83.43401 75.80301 64.13401 79.00701 67.00101 38.58901 30.00101 45.54201 35.00101 75.16701 63.34901 73.00801 95.52601 9.48801 74.02801 84.90101 67.94201 54.64501 85.42901 15.55701 90.42801 42.04901 74.94801 58.31101 71.61101 70.11501 86.33201 52.61301 113.17301 94.84801 50.69601 91.81101 39.01401 68.11901 76.06001 x x x x x x x x x x x x x x x x x x x x x x x x x 1 x x x x x x x x x x x x x x x x x x x x x x x x x x x x x x x x x x x x x x x x x x x x
93.40901 58.31101 41.43801 53.41401 60.73001 44.04601 56.79901 49.65001 14.00101 59.22901 70.83901 42.01301 95.88101 34.01601 80.80301 86.33201 27.85801 49.04201 66.85201 32.98601 34.06001 78.81701 87.23601 77.42201 24.02201 57.70701 0.00101 47.17101 97.61801 25.71101 94.57901 47.01201 47.07501 34.13301 100.76801 97.31001 76.15901 84.90701 24.16701 13.45501 37.64401 42.63901 27.78601 23.77101 18.44001 6.40401 80.99501 63.16001 60.00101 67.89801 67.18701 55.44501 59.93401 50.16101 68.03001 66.49201 77.98801 75.18701 84.20301 51.01101 18.38601 43.83001 78.24401 93.39301 74.14901 72.80201 62.29901 20.59201 93.47801 100.70401 x x x x x x x x x x x x x x x x x x x x x x x x x x 1 x x x x x x x x x x x x x x x x x x x x x x x x x x x x x x x x x x x x x x x x x x x
84.01301 26.17401 12.80701 29.42901 61.29501 35.51201 21.37901 4.47301 48.05301 64.35201 94.17601 61.22201 79.00701 13.92901 47.54001 80.52401 43.04701 28.46101 25.80801 19.21001 57.45501 60.00901 75.66501 44.01201 71.17701 11.18101 47.17101 0.00101 81.00701 24.16701 75.16701 15.52501 70.80401 58.31101 75.18701 86.58001 75.77001 68.03001 69.26101 57.22001 33.97201 26.92701 38.58901 25.49601 65.00101 52.61301 74.46601 90.00101 13.60201 72.56101 81.68901 64.81601 54.23201 79.07701 21.84101 86.26801 48.50901 74.84801 63.12801 67.18001 60.67201 78.79201 57.03601 110.42301 91.44001 54.08401 86.68401 29.61501 73.24701 81.30301 x x x x x x x x x x x x x x x x x x x x x x x x x x x 1 x x x x x x x x x x x x x x x x x x x x x x x x x x x x x x x x x x x x x x x x x x
14.14301 55.03701 71.56901 52.34601 40.36201 54.78201 60.07601 77.00701 85.70401 45.00101 73.24701 65.19301 2.00101 87.13301 40.72001 21.21401 70.17901 54.91901 61.61301 94.36701 71.42201 21.09601 12.53101 42.72101 112.16201 76.53201 97.61801 81.00701 0.00101 93.86301 7.21201 66.19001 69.89401 72.12601 18.78901 12.08401 31.95401 13.34301 102.59201 95.60401 60.92701 59.90901 69.83701 80.32501 104.48501 103.58701 21.93301 77.83401 85.84401 41.14701 55.97401 50.80501 38.01401 78.39101 89.27001 65.14701 35.73601 32.31201 18.24901 59.64201 94.36701 87.92101 24.02201 69.26101 62.17001 27.29601 72.80201 80.77801 9.43501 6.00101 x x x x x x x x x x x x x x x x x x x x x x x x x x x x 1 x x x x x x x x x x x x x x x x x x x x x x x x x x x x x x x x x x x x x x x x x
93.43501 43.83001 24.41401 42.54501 64.38301 40.11301 40.46101 27.78601 32.01701 65.30801 87.36801 54.59001 91.92501 10.29701 67.20201 88.02401 35.34201 39.21801 48.27101 7.28101 48.26101 73.08301 85.84401 63.60101 49.25501 35.34201 25.71101 24.16701 93.86301 0.00101 89.18601 30.80701 62.68301 48.82701 92.13701 96.74801 80.30701 80.52401 49.65001 38.08001 35.01501 33.95701 31.95401 15.29801 44.14801 30.06801 82.05601 81.21701 35.51201 74.33101 78.92501 63.60101 60.00901 68.76901 43.18701 81.00701 66.37101 79.31101 77.49301 62.65101 42.48601 65.30001 71.17001 107.35601 87.66501 66.76201 79.05801 17.46501 87.59701 95.51001 x x x x x x x x x x x x x x x x x x x x x x x x x x x x x 1 x x x x x x x x x x x x x x x x x x x x x x x x x x x x x x x x x x x x x x x x
19.69901 49.04201 66.28801 47.07501 39.96301 51.00101 54.01001 71.06401 83.24201 45.17801 75.95501 64.63801 5.65801 82.00101 33.61601 25.18001 67.62501 50.00101 54.91901 89.27001 70.29301 16.15601 15.00101 35.73601 110.34601 70.17901 94.57901 75.16701 7.21201 89.18601 0.00101 60.67201 70.23601 71.06401 13.15401 18.60201 34.36701 9.90001 101.17901 93.51001 57.30701 55.36301 66.85201 76.15901 102.59201 100.68901 24.18801 79.81301 79.40501 42.72101 58.25001 51.00101 36.07001 79.20301 82.56601 67.47001 28.86301 34.52601 12.04301 59.94301 92.63501 88.19401 18.24901 73.98101 65.27701 22.47301 74.72701 76.92301 2.23701 6.32601 x x x x x x x x x x x x x x x x x x x x x x x x x x x x x x 1 x x x x x x x x x x x x x x x x x x x x x x x x x x x x x x x x x x x x x x x
68.59401 13.03901 6.40401 14.03701 46.32601 21.21401 10.00101 12.53101 43.29101 49.82101 81.61001 49.65001 64.19601 21.93301 36.40201 65.00101 33.73501 13.00101 19.92601 29.15601 47.43501 45.10101 60.30001 32.80301 69.92201 17.20601 47.01201 15.52501 66.19001 30.80701 60.67201 0.00101 59.48201 48.38501 62.03301 71.25401 60.41601 53.03901 65.62101 53.93601 21.47201 12.80701 29.42901 23.26001 62.81801 53.22701 58.94201 78.39101 25.49601 57.69001 67.88301 50.91301 38.91101 68.54301 32.65101 73.24701 35.77801 59.50701 48.66301 54.40701 56.32201 70.09401 42.42701 96.33401 77.79601 39.01401 74.62701 26.57201 58.85701 66.91101 x x x x x x x x x x x x x x x x x x x x x x x x x x x x x x x 1 x x x x x x x x x x x x x x x x x x x x x x x x x x x x x x x x x x x x x x
60.14201 62.09801 58.52401 53.60101 30.46401 39.85101 64.51501 70.17901 33.52701 25.06101 24.69901 9.85001 68.79801 64.38301 75.02801 51.62501 28.28501 50.29001 75.00101 68.41201 14.42301 58.82301 57.42901 73.00801 49.04201 76.53901 47.07501 70.80401 69.89401 62.68301 70.23601 59.48201 0.00101 13.89301 81.15501 64.38301 39.59901 60.83701 37.94801 37.00101 38.01401 47.01201 32.55901 48.91901 42.75601 50.25001 48.41601 19.21001 83.76301 29.69901 21.58801 19.23601 36.87901 10.00101 91.58701 19.41701 69.18201 38.89801 64.51501 10.29701 33.13701 18.02901 60.87801 46.32601 27.16701 55.31801 16.40201 45.60801 70.21501 74.94801 x x x x x x x x x x x x x x x x x x x x x x x x x x x x x x x x 1 x x x x x x x x x x x x x x x x x x x x x x x x x x x x x x x x x x x x x
64.63801 53.15201 46.52001 45.01201 31.89101 31.00101 54.74601 58.13901 20.22501 28.30301 38.58901 8.24701 70.72601 50.93201 69.42701 56.60501 15.26501 41.11101 65.62101 54.67301 1.00101 57.45501 60.20901 66.91101 40.81801 65.00101 34.13301 58.31101 72.12601 48.82701 71.06401 48.38501 13.89301 0.00101 80.45601 68.82001 45.17801 61.22201 30.61101 25.96301 27.46001 36.67501 19.72401 35.35601 33.54201 38.05401 52.20301 32.55901 71.59001 35.84801 33.06201 23.26001 35.22901 20.81001 79.60601 32.89501 64.28901 44.29501 63.28601 17.11801 23.26001 22.09201 58.59301 59.77601 40.26301 52.77401 30.23301 31.89101 70.60601 76.48601 x x x x x x x x x x x x x x x x x x x x x x x x x x x x x x x x x 1 x x x x x x x x x x x x x x x x x x x x x x x x x x x x x x x x x x x x
32.57401 49.33701 68.15501 49.65001 50.69601 56.72801 53.85301 70.83201 90.52201 56.30401 88.56701 74.70701 18.02901 83.93501 29.00101 38.32901 75.00801 53.34001 52.08701 91.18201 79.61301 23.02301 28.07201 32.06301 118.34401 68.47001 100.76801 75.18701 18.78901 92.13701 13.15401 62.03301 81.15501 80.45601 0.00101 30.87201 47.09701 20.61701 109.81001 101.23801 63.12801 59.36401 73.55401 80.45601 110.53601 107.05701 37.01501 91.98501 77.16301 54.91901 70.71201 62.03301 45.27801 90.47801 79.05801 79.90701 26.68401 47.17101 17.20601 70.93801 100.89701 98.90001 22.62801 87.13301 78.10301 28.32101 86.88601 81.84201 12.00101 13.60201 x x x x x x x x x x x x x x x x x x x x x x x x x x x x x x x x x x 1 x x x x x x x x x x x x x x x x x x x x x x x x x x x x x x x x x x x
4.24401 61.39301 76.02701 57.22001 37.21701 56.72001 66.49201 82.87401 84.52901 40.60901 64.25801 61.22201 13.03901 91.05001 50.47901 12.80701 69.46301 59.00901 69.64301 98.12801 68.24301 27.51501 11.00101 51.97201 109.55501 83.43401 97.31001 86.58001 12.08401 96.74801 18.60201 71.25401 64.38301 68.82001 30.87201 0.00101 24.84001 19.69901 99.40401 93.64901 62.37101 63.12801 69.89401 82.37801 102.08401 102.95701 16.64401 69.77201 92.89301 34.71401 47.88601 46.09901 37.64401 72.00801 97.08301 56.79901 44.77801 25.49601 26.92701 54.45301 91.81101 82.22001 31.38601 58.01001 52.81201 32.75801 64.88601 82.22601 20.61701 17.72101 x x x x x x x x x x x x x x x x x x x x x x x x x x x x x x x x x x x 1 x x x x x x x x x x x x x x x x x x x x x x x x x x x x x x x x x x
20.61701 54.40701 63.57001 47.50901 16.00101 41.23201 59.07701 72.91901 62.64301 17.08901 41.59401 37.21701 31.32201 76.68901 53.71301 12.04301 48.66301 47.42501 65.85701 83.18801 44.72201 29.73301 19.64801 53.53601 85.96001 75.80301 76.15901 75.77001 31.95401 80.30701 34.36701 60.41601 39.59901 45.17801 47.09701 24.84001 0.00101 27.07501 75.47301 70.77501 45.39901 49.33701 50.16101 65.12401 78.71601 81.32101 10.19901 45.88101 85.08901 9.90001 24.04301 21.95501 21.54201 47.20301 90.97401 33.24301 47.01201 1.00101 33.73501 29.83401 68.42601 57.38601 33.61601 42.54501 31.01701 30.53001 40.85401 64.00101 35.12901 37.64401 x x x x x x x x x x x x x x x x x x x x x x x x x x x x x x x x x x x x 1 x x x x x x x x x x x x x x x x x x x x x x x x x x x x x x x x x
18.60201 42.29801 58.31101 39.11601 30.41501 41.63001 47.38201 64.12601 73.41101 35.84801 68.18501 54.91901 11.40301 73.82501 31.24201 20.59201 57.80201 41.59401 49.98101 81.05001 60.44101 8.06301 10.63101 32.45101 100.45001 64.13401 84.90701 68.03001 13.34301 80.52401 9.90001 53.03901 60.83701 61.22201 20.61701 19.69901 27.07501 0.00101 91.28601 83.63101 47.85501 46.57401 57.14101 67.06801 92.69901 90.97401 17.46501 71.38701 73.54701 34.36701 50.25001 41.63001 26.17401 70.00801 77.49301 59.41501 25.24001 27.02001 7.81101 50.56801 82.73601 78.71601 11.70601 68.68101 58.01001 14.03701 66.28801 67.62501 9.43501 15.81201 x x x x x x x x x x x x x x x x x x x x x x x x x x x x x x x x x x x x x 1 x x x x x x x x x x x x x x x x x x x x x x x x x x x x x x x x
95.21101 74.72701 61.13201 68.00801 62.48301 55.46301 74.52601 71.02901 22.36201 58.82301 57.01001 38.27601 101.14001 57.07101 94.93801 87.09301 35.77801 63.57001 85.33001 56.92201 31.24201 86.83401 90.78601 91.92501 11.18101 79.00701 24.16701 69.26101 102.59201 49.65001 101.17901 65.62101 37.94801 30.61101 109.81001 99.40401 75.47301 91.28601 0.00101 12.04301 49.77001 57.56801 38.62701 44.01201 7.21201 22.02401 82.80201 48.09501 82.60901 65.86401 59.48201 53.53601 65.11601 36.05701 90.79701 55.58001 90.78601 74.62701 92.61801 46.06601 9.48801 26.17401 87.42001 81.00701 63.64101 81.61001 49.04201 40.00101 100.56901 106.77601 x x x x x x x x x x x x x x x x x x x x x x x x x x x x x x x x x x x x x x 1 x x x x x x x x x x x x x x x x x x x x x x x x x x x x x x x
89.55501 63.57001 49.25501 57.27201 56.43701 45.48701 63.06401 59.00901 11.18101 53.71301 59.44001 34.20601 94.02201 45.12301 84.53501 81.84201 26.25001 52.80301 73.75701 45.31101 26.25001 78.49301 84.31601 81.39501 17.20601 67.00101 13.45501 57.22001 95.60401 38.08001 93.51001 53.93601 37.00101 25.96301 101.23801 93.64901 70.77501 83.63101 12.04301 0.00101 39.44701 46.61601 28.30301 32.00101 9.43501 13.92901 77.02701 51.24601 70.57701 61.68601 58.21601 49.04201 57.62901 38.32901 78.77301 56.14401 80.77801 69.85801 84.17301 42.95401 5.00101 30.88801 78.64601 82.73601 64.07101 72.91901 50.99101 28.01901 92.69901 99.35901 x x x x x x x x x x x x x x x x x x x x x x x x x x x x x x x x x x x x x x x 1 x x x x x x x x x x x x x x x x x x x x x x x x x x x x x x
58.85701 26.02001 21.21401 18.44001 29.61501 6.40401 27.29601 32.65101 28.30301 31.38601 60.44101 28.17901 59.09401 31.62401 45.18901 53.08601 14.31901 14.14301 38.21101 37.85601 26.47701 41.34101 51.66301 42.15501 56.60501 38.58901 37.64401 33.97201 60.92701 35.01501 57.30701 21.47201 38.01401 27.46001 63.12801 62.37101 45.39901 47.85501 49.77001 39.44701 0.00101 9.22101 11.18101 20.10101 48.87801 43.93301 47.17101 56.94001 46.22901 40.16301 47.80301 31.06501 25.08101 47.17101 53.82501 52.34601 41.34101 44.40801 46.61601 33.30301 40.31201 49.49801 40.60901 76.61001 57.49001 35.22901 53.25501 19.92601 56.08101 63.53101 x x x x x x x x x x x x x x x x x x x x x x x x x x x x x x x x x x x x x x x x 1 x x x x x x x x x x x x x x x x x x x x x x x x x x x x x
60.00901 17.26401 14.31901 10.81801 34.43901 8.60301 18.11201 24.84001 35.46901 37.44401 68.82001 37.16301 57.97501 28.01901 38.27601 55.32701 23.02301 6.40401 29.07001 35.01501 35.69401 39.21801 52.15501 34.98701 63.50701 30.00101 42.63901 26.92701 59.90901 33.95701 55.36301 12.80701 47.01201 36.67501 59.36401 63.12801 49.33701 46.57401 57.56801 46.61601 9.22101 0.00101 19.23601 21.09601 55.94701 49.04201 49.25501 65.76601 38.18501 45.65201 55.17301 38.21101 27.89401 56.30401 45.45401 60.44101 35.38501 48.38501 43.86401 41.61801 48.08401 58.69501 37.57801 83.73901 65.05501 32.89501 61.91201 22.67301 53.85301 61.68601 x x x x x x x x x x x x x x x x x x x x x x x x x x x x x x x x x x x x x x x x x 1 x x x x x x x x x x x x x x x x x x x x x x x x x x x x
66.09901 36.49801 26.92701 29.41201 34.23501 17.20601 37.01501 38.48501 17.20601 34.06001 56.72801 23.43201 68.09701 32.01701 56.36601 59.44001 4.47301 25.00101 48.01101 36.71601 18.86901 51.22601 59.61601 53.31101 45.48701 45.54201 27.78601 38.58901 69.83701 31.95401 66.85201 29.42901 32.55901 19.72401 73.55401 69.89401 50.16101 57.14101 38.62701 28.30301 11.18101 19.23601 0.00101 17.00101 37.73701 33.83901 53.85301 51.74101 51.88501 43.10601 47.01201 31.78101 32.31201 40.49801 59.93401 49.65001 52.48001 49.16401 56.72801 30.88801 29.15601 40.80501 50.93201 75.59201 55.94701 45.34401 48.79601 14.56101 65.80401 72.94601 x x x x x x x x x x x x x x x x x x x x x x x x x x x x x x x x x x x x x x x x x x 1 x x x x x x x x x x x x x x x x x x x x x x x x x x x
78.91901 35.00101 17.72101 31.24201 49.16401 25.71101 33.12201 27.02001 22.56201 50.01101 73.41101 40.22501 78.43601 15.62101 58.05301 73.17201 20.81001 27.20401 43.08201 19.72401 34.65601 60.00901 71.59001 54.56301 47.07501 35.00101 23.77101 25.49601 80.32501 15.29801 76.15901 23.26001 48.91901 35.35601 80.45601 82.37801 65.12401 67.06801 44.01201 32.00101 20.10101 21.09601 17.00101 0.00101 40.31201 29.96801 67.26901 67.89801 39.05201 59.03501 63.97801 48.38501 45.17801 55.97401 47.29801 66.57401 55.97401 64.12601 64.84701 47.88601 35.22901 54.20401 58.59301 92.59101 72.94601 53.71301 65.30001 4.12401 74.73401 82.46301 x x x x x x x x x x x x x x x x x x x x x x x x x x x x x x x x x x x x x x x x x x x 1 x x x x x x x x x x x x x x x x x x x x x x x x x x
97.94501 72.80201 57.87201 66.64201 64.90101 54.91901 72.12601 67.12001 20.59201 61.77501 63.19901 41.63001 102.94301 52.24101 93.94201 90.05101 35.61001 62.17001 82.71101 51.42101 34.00101 87.72801 93.00601 90.78601 7.81101 75.16701 18.44001 65.00101 104.48501 44.14801 102.59201 62.81801 42.75601 33.54201 110.53601 102.08401 78.71601 92.69901 7.21201 9.43501 48.87801 55.94701 37.73701 40.31201 0.00101 15.26501 85.44101 54.45301 78.10301 69.35501 64.32801 56.79901 66.60401 42.04901 86.21001 61.13201 90.21201 77.82801 93.43501 49.98101 10.29701 32.75801 87.96701 87.05301 69.18201 82.22001 55.03701 36.49801 101.83401 108.37501 x x x x x x x x x x x x x x x x x x x x x x x x x x x x x x x x x x x x x x x x x x x x 1 x x x x x x x x x x x x x x x x x x x x x x x x x
99.00601 64.66201 47.54001 59.81701 66.13001 50.33001 63.06401 55.31801 18.68301 64.28901 73.24701 46.17501 101.87301 39.11601 87.20201 91.76201 33.54201 55.44501 73.00801 37.21701 38.11901 85.00101 93.02301 83.81601 19.23601 63.34901 6.40401 52.61301 103.58701 30.06801 100.68901 53.22701 50.25001 38.05401 107.05701 102.95701 81.32101 90.97401 22.02401 13.92901 43.93301 49.04201 33.83901 29.96801 15.26501 0.00101 86.54001 65.14701 65.12401 72.78101 71.00101 60.20901 65.76601 52.20301 73.02801 69.58501 84.38701 80.36301 90.42801 55.14601 18.78901 44.72201 84.50501 96.33901 77.41501 79.02601 64.76201 26.92701 99.62501 106.78101 x x x x x x x x x x x x x x x x x x x x x x x x x x x x x x x x x x x x x x x x x x x x x 1 x x x x x x x x x x x x x x x x x x x x x x x x
12.53101 50.99101 62.96901 45.22301 20.59201 42.00101 55.94701 71.17001 68.03001 24.08401 51.78901 44.68901 21.19101 77.23401 46.40101 6.08401 53.14201 46.09901 61.29501 84.09601 51.61501 21.63401 9.48801 46.75601 92.91501 73.00801 80.99501 74.46601 21.93301 82.05601 24.18801 58.94201 48.41601 52.20301 37.01501 16.64401 10.19901 17.46501 82.80201 77.02701 47.17101 49.25501 53.85301 67.26901 85.44101 86.54001 0.00101 55.97401 82.46301 19.23601 34.20601 29.69901 22.09201 56.60501 87.65901 43.41801 39.82601 10.44101 24.69901 38.28901 75.16701 66.40101 25.80801 51.24601 41.11101 24.08401 50.92301 66.75401 25.02101 27.51501 x x x x x x x x x x x x x x x x x x x x x x x x x x x x x x x x x x x x x x x x x x x x x x 1 x x x x x x x x x x x x x x x x x x x x x x x
65.74301 80.05701 77.66701 71.51301 43.00101 58.18201 82.85601 89.30901 50.60701 37.00101 9.22101 28.84501 77.16301 83.44001 90.55501 57.27201 47.42501 68.54301 93.04901 87.20801 33.24301 71.25401 65.46101 88.95601 59.00901 95.52601 63.16001 90.00101 77.83401 81.21701 79.81301 78.39101 19.21001 32.55901 91.98501 69.77201 45.88101 71.38701 48.09501 51.24601 56.94001 65.76601 51.74101 67.89801 54.45301 65.14701 55.97401 0.00101 102.90401 37.10901 21.93301 32.14101 51.15801 13.00101 110.67601 13.03901 84.29201 45.54201 76.53201 25.00101 46.57401 22.00101 74.06201 33.24301 19.21001 69.00101 5.10001 64.44501 80.28201 83.48801 x x x x x x x x x x x x x x x x x x x x x x x x x x x x x x x x x x x x x x x x x x x x x x x 1 x x x x x x x x x x x x x x x x x x x x x x
90.80301 31.62401 25.24001 37.59101 71.61101 46.69101 26.57201 13.60201 61.61301 75.28701 106.66901 74.06201 83.86401 26.02001 48.26101 88.39201 56.35701 38.01401 25.08101 29.12101 70.71201 65.51401 82.28101 45.10101 84.00701 9.48801 60.00101 13.60201 85.84401 35.51201 79.40501 25.49601 83.76301 71.59001 77.16301 92.89301 85.08901 73.54701 82.60901 70.57701 46.22901 38.18501 51.88501 39.05201 78.10301 65.12401 82.46301 102.90401 0.00101 83.00701 93.35001 76.38201 63.81301 92.28301 8.24701 98.49501 51.01101 84.22101 67.60301 79.51201 74.14901 92.31001 61.98501 121.82901 103.23901 60.16701 99.40401 43.17501 77.31901 85.21301 x x x x x x x x x x x x x x x x x x x x x x x x x x x x x x x x x x x x x x x x x x x x x x x x 1 x x x x x x x x x x x x x x x x x x x x x
30.48101 53.76001 59.94301 46.01201 11.40301 37.12201 58.00101 70.17901 54.13001 9.05601 34.00101 27.73201 40.31201 71.78501 57.24601 21.93301 41.01301 45.00101 66.06901 77.88601 35.46901 35.12901 28.63701 56.46301 76.48001 74.02801 67.89801 72.56101 41.14701 74.33101 42.72101 57.69001 29.69901 35.84801 54.91901 34.71401 9.90001 34.36701 65.86401 61.68601 40.16301 45.65201 43.10601 59.03501 69.35501 72.78101 19.23601 37.10901 83.00701 0.00101 16.00101 12.65001 19.85001 37.44401 89.50001 25.08101 50.59701 9.22101 40.00101 20.00101 59.09401 47.50901 38.47201 40.00101 24.74001 34.20601 32.01701 57.42901 43.17501 46.61601 x x x x x x x x x x x x x x x x x x x x x x x x x x x x x x x x x x x x x x x x x x x x x x x x x 1 x x x x x x x x x x x x x x x x x x x x
43.83001 66.28801 68.88501 58.01001 24.69901 46.67001 70.00101 79.98201 53.23601 19.23601 18.00101 25.31901 55.36301 78.39101 72.53401 35.34201 43.65901 56.08101 79.07701 83.63101 33.13701 51.08901 43.68201 71.47101 70.60601 84.90101 67.18701 81.68901 55.97401 78.92501 58.25001 67.88301 21.58801 33.06201 70.71201 47.88601 24.04301 50.25001 59.48201 58.21601 47.80301 55.17301 47.01201 63.97801 64.32801 71.00101 34.20601 21.93301 93.35001 16.00101 0.00101 16.97201 33.61601 25.80801 100.45001 9.22101 65.97101 23.77101 56.00101 16.49301 54.59001 36.89301 54.33301 28.84501 10.00101 49.82101 17.00101 61.46601 58.85701 61.68601 x x x x x x x x x x x x x x x x x x x x x x x x x x x x x x x x x x x x x x x x x x x x x x x x x x 1 x x x x x x x x x x x x x x x x x x x
